3e+18 0.432363 0.192398 0.375239
2.9971e+18 0.432638 0.192426 0.374937
2.9942e+18 0.432908 0.192453 0.374638
2.9913e+18 0.433175 0.192481 0.374344
2.9884e+18 0.433439 0.19251 0.374052
2.9855e+18 0.433698 0.192538 0.373763
2.9826e+18 0.433955 0.192567 0.373478
2.9797e+18 0.434208 0.192597 0.373195
2.9768e+18 0.434458 0.192626 0.372916
2.9739e+18 0.434705 0.192656 0.372639
2.971e+18 0.434949 0.192687 0.372364
2.9681e+18 0.435191 0.192717 0.372092
2.9652e+18 0.435429 0.192748 0.371823
2.9623e+18 0.435666 0.192779 0.371555
2.9594e+18 0.435899 0.192811 0.37129
2.9565e+18 0.43613 0.192842 0.371028
2.9536e+18 0.436359 0.192874 0.370767
2.9507e+18 0.436585 0.192906 0.370508
2.9478e+18 0.43681 0.192939 0.370252
2.9449e+18 0.437032 0.192971 0.369997
2.942e+18 0.437251 0.193004 0.369744
2.9391e+18 0.437469 0.193037 0.369494
2.9362e+18 0.437685 0.193071 0.369245
2.9333e+18 0.437899 0.193104 0.368997
2.9304e+18 0.438111 0.193138 0.368752
2.9275e+18 0.43832 0.193172 0.368508
2.9246e+18 0.438529 0.193206 0.368266
2.9217e+18 0.438735 0.19324 0.368025
2.9188e+18 0.438939 0.193275 0.367786
2.9159e+18 0.439142 0.19331 0.367548
2.913e+18 0.439343 0.193345 0.367312
2.9101e+18 0.439542 0.19338 0.367078
2.9072e+18 0.43974 0.193415 0.366845
2.9043e+18 0.439936 0.193451 0.366613
2.9014e+18 0.440131 0.193486 0.366383
2.8985e+18 0.440324 0.193522 0.366154
2.8956e+18 0.440516 0.193558 0.365926
2.8927e+18 0.440706 0.193594 0.3657
2.8898e+18 0.440894 0.193631 0.365475
2.8869e+18 0.441081 0.193667 0.365251
2.884e+18 0.441267 0.193704 0.365029
2.8811e+18 0.441452 0.193741 0.364807
2.8782e+18 0.441635 0.193778 0.364587
2.8753e+18 0.441816 0.193815 0.364368
2.8724e+18 0.441997 0.193853 0.36415
2.8695e+18 0.442176 0.19389 0.363934
2.8666e+18 0.442354 0.193928 0.363718
2.8637e+18 0.44253 0.193966 0.363504
2.8608e+18 0.442705 0.194004 0.36329
2.8579e+18 0.442879 0.194042 0.363078
2.855e+18 0.443052 0.194081 0.362867
2.8521e+18 0.443224 0.194119 0.362657
2.8492e+18 0.443395 0.194158 0.362448
2.8463e+18 0.443564 0.194197 0.362239
2.8434e+18 0.443732 0.194236 0.362032
2.8405e+18 0.443899 0.194275 0.361826
2.8376e+18 0.443855 0.194261 0.361883
2.8347e+18 0.443822 0.194251 0.361927
2.8318e+18 0.443814 0.194247 0.361939
2.8289e+18 0.443822 0.194248 0.36193
2.826e+18 0.443842 0.194252 0.361906
2.8231e+18 0.443872 0.194259 0.361869
2.8202e+18 0.443909 0.194268 0.361823
2.8173e+18 0.443952 0.194279 0.36177
2.8144e+18 0.443999 0.194291 0.361709
2.8115e+18 0.444051 0.194305 0.361643
2.8086e+18 0.444107 0.194321 0.361573
2.8057e+18 0.444165 0.194337 0.361498
2.8028e+18 0.444226 0.194354 0.36142
2.7999e+18 0.444289 0.194372 0.361338
2.797e+18 0.444354 0.194391 0.361254
2.7941e+18 0.444421 0.194411 0.361168
2.7912e+18 0.444489 0.194432 0.361079
2.7883e+18 0.444559 0.194453 0.360988
2.7854e+18 0.44463 0.194475 0.360895
2.7825e+18 0.444702 0.194497 0.360801
2.7796e+18 0.444774 0.19452 0.360705
2.7767e+18 0.444848 0.194544 0.360608
2.7738e+18 0.444922 0.194568 0.36051
2.7709e+18 0.444997 0.194593 0.360411
2.768e+18 0.445072 0.194618 0.36031
2.7651e+18 0.445148 0.194643 0.360209
2.7622e+18 0.445224 0.194669 0.360107
2.7593e+18 0.4453 0.194695 0.360004
2.7564e+18 0.445377 0.194722 0.359901
2.7535e+18 0.445455 0.194749 0.359796
2.7506e+18 0.445532 0.194777 0.359691
2.7477e+18 0.44561 0.194804 0.359586
2.7448e+18 0.445687 0.194833 0.35948
2.7419e+18 0.445765 0.194861 0.359374
2.739e+18 0.445843 0.19489 0.359267
2.7361e+18 0.445921 0.194919 0.35916
2.7332e+18 0.445999 0.194949 0.359052
2.7303e+18 0.446077 0.194979 0.358944
2.7274e+18 0.446156 0.195009 0.358836
2.7245e+18 0.446234 0.195039 0.358727
2.7216e+18 0.446312 0.19507 0.358618
2.7187e+18 0.44639 0.195101 0.358509
2.7158e+18 0.446468 0.195132 0.3584
2.7129e+18 0.446546 0.195163 0.358291
2.71e+18 0.446624 0.195195 0.358181
2.7071e+18 0.446702 0.195227 0.358071
2.7042e+18 0.446779 0.195259 0.357961
2.7013e+18 0.446857 0.195292 0.357851
2.6984e+18 0.446934 0.195325 0.357741
2.6955e+18 0.447012 0.195358 0.357631
2.6926e+18 0.447089 0.195391 0.35752
2.6897e+18 0.447166 0.195424 0.35741
2.6868e+18 0.447243 0.195458 0.357299
2.6839e+18 0.447319 0.195492 0.357188
2.681e+18 0.447396 0.195526 0.357078
2.6781e+18 0.447472 0.195561 0.356967
2.6752e+18 0.447549 0.195595 0.356856
2.6723e+18 0.447625 0.19563 0.356745
2.6694e+18 0.4477 0.195665 0.356634
2.6665e+18 0.447776 0.1957 0.356524
2.6636e+18 0.447851 0.195736 0.356413
2.6607e+18 0.447927 0.195772 0.356302
2.6578e+18 0.448002 0.195807 0.356191
2.6549e+18 0.448077 0.195843 0.35608
2.652e+18 0.448151 0.19588 0.355969
2.6491e+18 0.448226 0.195916 0.355858
2.6462e+18 0.4483 0.195953 0.355747
2.6433e+18 0.449143 0.195935 0.354921
2.6404e+18 0.450342 0.195895 0.353763
2.6375e+18 0.45113 0.195883 0.352987
2.6346e+18 0.451773 0.195882 0.352345
2.6317e+18 0.452333 0.195887 0.35178
2.6288e+18 0.452839 0.195896 0.351265
2.6259e+18 0.453304 0.195908 0.350788
2.623e+18 0.453739 0.195922 0.350339
2.6201e+18 0.454148 0.195938 0.349914
2.6172e+18 0.454536 0.195956 0.349507
2.6143e+18 0.454907 0.195975 0.349118
2.6114e+18 0.455263 0.195996 0.348742
2.6085e+18 0.455605 0.196017 0.348378
2.6056e+18 0.455935 0.196039 0.348025
2.6027e+18 0.456255 0.196062 0.347682
2.5998e+18 0.456565 0.196086 0.347348
2.5969e+18 0.456867 0.196111 0.347022
2.594e+18 0.45716 0.196136 0.346703
2.5911e+18 0.457446 0.196162 0.346391
2.5882e+18 0.457726 0.196189 0.346086
2.5853e+18 0.457949 0.196202 0.34585
2.5824e+18 0.458049 0.196182 0.345769
2.5795e+18 0.458172 0.19617 0.345658
2.5766e+18 0.458305 0.196164 0.345531
2.5737e+18 0.458446 0.196161 0.345393
2.5708e+18 0.45859 0.196162 0.345248
2.5679e+18 0.458737 0.196165 0.345098
2.565e+18 0.458885 0.196169 0.344945
2.5621e+18 0.459034 0.196176 0.34479
2.5592e+18 0.459183 0.196184 0.344633
2.5563e+18 0.459331 0.196193 0.344476
2.5534e+18 0.459479 0.196204 0.344317
2.5505e+18 0.459626 0.196215 0.344159
2.5476e+18 0.459771 0.196228 0.344001
2.5447e+18 0.459916 0.196242 0.343842
2.5418e+18 0.46006 0.196256 0.343684
2.5389e+18 0.460202 0.196271 0.343527
2.536e+18 0.460343 0.196287 0.343369
2.5331e+18 0.460483 0.196304 0.343213
2.5302e+18 0.460622 0.196321 0.343057
2.5273e+18 0.460759 0.196339 0.342902
2.5244e+18 0.460895 0.196358 0.342747
2.5215e+18 0.461029 0.196377 0.342594
2.5186e+18 0.461162 0.196397 0.342441
2.5157e+18 0.461294 0.196417 0.342289
2.5128e+18 0.461425 0.196438 0.342137
2.5099e+18 0.461554 0.196459 0.341987
2.507e+18 0.461682 0.196481 0.341837
2.5041e+18 0.461809 0.196503 0.341688
2.5012e+18 0.461934 0.196526 0.34154
2.4983e+18 0.462058 0.196549 0.341393
2.4954e+18 0.462181 0.196572 0.341247
2.4925e+18 0.462303 0.196596 0.341101
2.4896e+18 0.462423 0.19662 0.340956
2.4867e+18 0.462543 0.196645 0.340812
2.4838e+18 0.462661 0.19667 0.340669
2.4809e+18 0.462778 0.196696 0.340526
2.478e+18 0.462894 0.196722 0.340385
2.4751e+18 0.463009 0.196748 0.340244
2.4722e+18 0.463122 0.196774 0.340103
2.4693e+18 0.463235 0.196801 0.339964
2.4664e+18 0.463346 0.196829 0.339825
2.4635e+18 0.463457 0.196856 0.339687
2.4606e+18 0.463566 0.196884 0.33955
2.4577e+18 0.463674 0.196912 0.339413
2.4548e+18 0.463782 0.196941 0.339277
2.4519e+18 0.463888 0.19697 0.339142
2.449e+18 0.463994 0.196999 0.339008
2.4461e+18 0.464098 0.197028 0.338874
2.4432e+18 0.464201 0.197058 0.338741
2.4403e+18 0.464304 0.197088 0.338608
2.4374e+18 0.464405 0.197118 0.338476
2.4345e+18 0.464506 0.197149 0.338345
2.4316e+18 0.466008 0.197099 0.336893
2.4287e+18 0.467032 0.197079 0.335889
2.4258e+18 0.467789 0.197075 0.335136
2.4229e+18 0.468427 0.197078 0.334495
2.42e+18 0.468994 0.197086 0.333921
2.4171e+18 0.469511 0.197096 0.333393
2.4142e+18 0.46999 0.197109 0.332901
2.4113e+18 0.47044 0.197123 0.332436
2.4084e+18 0.470867 0.19714 0.331994
2.4055e+18 0.471263 0.197154 0.331586
2.4026e+18 0.471509 0.197129 0.331362
2.3997e+18 0.471768 0.197113 0.331119
2.3968e+18 0.472028 0.197103 0.330869
2.3939e+18 0.472285 0.197097 0.330618
2.391e+18 0.472539 0.197094 0.330367
2.3881e+18 0.472788 0.197094 0.330119
2.3852e+18 0.473032 0.197095 0.329873
2.3823e+18 0.473271 0.197099 0.32963
2.3794e+18 0.473506 0.197103 0.329391
2.3765e+18 0.473735 0.19711 0.329155
2.3736e+18 0.47396 0.197117 0.328923
2.3707e+18 0.47418 0.197126 0.328694
2.3678e+18 0.474396 0.197136 0.328469
2.3649e+18 0.474607 0.197146 0.328247
2.362e+18 0.474815 0.197158 0.328028
2.3591e+18 0.475018 0.19717 0.327812
2.3562e+18 0.475217 0.197183 0.327599
2.3533e+18 0.475413 0.197197 0.32739
2.3504e+18 0.475605 0.197212 0.327183
2.3475e+18 0.475794 0.197227 0.326979
2.3446e+18 0.475979 0.197243 0.326778
2.3417e+18 0.476161 0.197259 0.32658
2.3388e+18 0.47634 0.197276 0.326384
2.3359e+18 0.476516 0.197294 0.32619
2.333e+18 0.476688 0.197312 0.326
2.3301e+18 0.476858 0.197331 0.325811
2.3272e+18 0.477025 0.19735 0.325625
2.3243e+18 0.477189 0.197369 0.325441
2.3214e+18 0.477351 0.197389 0.32526
2.3185e+18 0.47751 0.19741 0.32508
2.3156e+18 0.477666 0.197431 0.324903
2.3127e+18 0.47782 0.197452 0.324727
2.3098e+18 0.477972 0.197474 0.324554
2.3069e+18 0.478121 0.197496 0.324382
2.304e+18 0.478268 0.197519 0.324213
2.3011e+18 0.478413 0.197542 0.324045
2.2982e+18 0.478555 0.197565 0.323879
2.2953e+18 0.478696 0.197589 0.323715
2.2924e+18 0.478834 0.197613 0.323552
2.2895e+18 0.47897 0.197638 0.323392
2.2866e+18 0.479105 0.197663 0.323233
2.2837e+18 0.479237 0.197688 0.323075
2.2808e+18 0.479367 0.197713 0.322919
2.2779e+18 0.479496 0.197739 0.322765
2.275e+18 0.479623 0.197766 0.322612
2.2721e+18 0.479748 0.197792 0.32246
2.2692e+18 0.479871 0.197819 0.32231
2.2663e+18 0.479992 0.197846 0.322162
2.2634e+18 0.480112 0.197874 0.322014
2.2605e+18 0.48023 0.197902 0.321868
2.2576e+18 0.480347 0.19793 0.321724
2.2547e+18 0.480461 0.197958 0.32158
2.2518e+18 0.480575 0.197987 0.321438
2.2489e+18 0.480687 0.198016 0.321298
2.246e+18 0.480797 0.198045 0.321158
2.2431e+18 0.480906 0.198075 0.32102
2.2402e+18 0.481013 0.198105 0.320882
2.2373e+18 0.481119 0.198135 0.320746
2.2344e+18 0.481224 0.198165 0.320611
2.2315e+18 0.481327 0.198196 0.320477
2.2286e+18 0.481429 0.198227 0.320344
2.2257e+18 0.481529 0.198258 0.320213
2.2228e+18 0.481628 0.19829 0.320082
2.2199e+18 0.481726 0.198322 0.319952
2.217e+18 0.481823 0.198354 0.319823
2.2141e+18 0.481918 0.198386 0.319696
2.2112e+18 0.482012 0.198419 0.319569
2.2083e+18 0.482105 0.198452 0.319443
2.2054e+18 0.482197 0.198485 0.319318
2.2025e+18 0.482288 0.198518 0.319194
2.1996e+18 0.482377 0.198552 0.319071
2.1967e+18 0.482466 0.198586 0.318948
2.1938e+18 0.482553 0.19862 0.318827
2.1909e+18 0.482639 0.198655 0.318706
2.188e+18 0.482724 0.198689 0.318586
2.1851e+18 0.482808 0.198724 0.318467
2.1822e+18 0.482891 0.198759 0.318349
2.1793e+18 0.482973 0.198795 0.318232
2.1764e+18 0.483054 0.198831 0.318115
2.1735e+18 0.483134 0.198866 0.317999
2.1706e+18 0.483213 0.198903 0.317884
2.1677e+18 0.483292 0.198939 0.317769
2.1648e+18 0.483369 0.198976 0.317656
2.1619e+18 0.483445 0.199013 0.317543
2.159e+18 0.48352 0.19905 0.31743
2.1561e+18 0.483594 0.199087 0.317319
2.1532e+18 0.483668 0.199125 0.317208
2.1503e+18 0.485741 0.199073 0.315186
2.1474e+18 0.486646 0.199076 0.314278
2.1445e+18 0.487355 0.199089 0.313557
2.1416e+18 0.487962 0.199106 0.312932
2.1387e+18 0.488504 0.199127 0.312369
2.1358e+18 0.489 0.199149 0.311851
2.1329e+18 0.489459 0.199174 0.311367
2.13e+18 0.48989 0.1992 0.31091
2.1271e+18 0.490297 0.199227 0.310476
2.1242e+18 0.490684 0.199255 0.310061
2.1213e+18 0.491054 0.199284 0.309662
2.1184e+18 0.491408 0.199314 0.309278
2.1155e+18 0.491748 0.199345 0.308907
2.1126e+18 0.492076 0.199376 0.308548
2.1097e+18 0.492393 0.199408 0.308199
2.1068e+18 0.492699 0.199441 0.30786
2.1039e+18 0.492996 0.199474 0.30753
2.101e+18 0.493285 0.199507 0.307208
2.0981e+18 0.493565 0.199541 0.306894
2.0952e+18 0.493837 0.199576 0.306587
2.0923e+18 0.494103 0.199611 0.306286
2.0894e+18 0.494362 0.199646 0.305992
2.0865e+18 0.494614 0.199682 0.305704
2.0836e+18 0.49486 0.199718 0.305422
2.0807e+18 0.495101 0.199754 0.305145
2.0778e+18 0.495336 0.199791 0.304873
2.0749e+18 0.495566 0.199828 0.304606
2.072e+18 0.49579 0.199866 0.304344
2.0691e+18 0.495957 0.199894 0.304149
2.0662e+18 0.495713 0.199853 0.304435
2.0633e+18 0.495618 0.199838 0.304544
2.0604e+18 0.495579 0.199833 0.304588
2.0575e+18 0.495571 0.199834 0.304595
2.0546e+18 0.495582 0.19984 0.304578
2.0517e+18 0.495605 0.199849 0.304545
2.0488e+18 0.495639 0.19986 0.304501
2.0459e+18 0.495679 0.199874 0.304447
2.043e+18 0.495724 0.199889 0.304387
2.0401e+18 0.495774 0.199906 0.304321
2.0372e+18 0.495826 0.199924 0.30425
2.0343e+18 0.495881 0.199943 0.304176
2.0314e+18 0.495938 0.199963 0.304099
2.0285e+18 0.495996 0.199984 0.30402
2.0256e+18 0.496055 0.200006 0.303939
2.0227e+18 0.498322 0.199999 0.301679
2.0198e+18 0.499678 0.200011 0.300312
2.0169e+18 0.500627 0.200029 0.299344
2.014e+18 0.501412 0.20005 0.298538
2.0111e+18 0.502102 0.200073 0.297825
2.0082e+18 0.502725 0.200097 0.297178
2.0053e+18 0.5033 0.200122 0.296578
2.0024e+18 0.503836 0.200149 0.296015
1.9995e+18 0.50434 0.200176 0.295484
1.9966e+18 0.504818 0.200204 0.294978
1.9937e+18 0.505273 0.200233 0.294494
1.9908e+18 0.505708 0.200262 0.294031
1.9879e+18 0.506124 0.200292 0.293584
1.985e+18 0.506525 0.200322 0.293153
1.9821e+18 0.50691 0.200353 0.292737
1.9792e+18 0.507282 0.200384 0.292334
1.9763e+18 0.50764 0.200416 0.291944
1.9734e+18 0.507987 0.200448 0.291565
1.9705e+18 0.508323 0.20048 0.291196
1.9676e+18 0.508648 0.200513 0.290838
1.9647e+18 0.508964 0.200546 0.29049
1.9618e+18 0.50927 0.20058 0.290151
1.9589e+18 0.509566 0.200614 0.28982
1.956e+18 0.509855 0.200648 0.289498
1.9531e+18 0.510135 0.200682 0.289183
1.9502e+18 0.510408 0.200717 0.288875
1.9473e+18 0.510674 0.200752 0.288575
1.9444e+18 0.510933 0.200787 0.288281
1.9415e+18 0.511185 0.200822 0.287993
1.9386e+18 0.511432 0.200858 0.28771
1.9357e+18 0.511672 0.200894 0.287433
1.9328e+18 0.511908 0.200931 0.287161
1.9299e+18 0.512139 0.200967 0.286894
1.927e+18 0.512365 0.201005 0.286631
1.9241e+18 0.512586 0.201042 0.286372
1.9212e+18 0.512804 0.20108 0.286116
1.9183e+18 0.513018 0.201118 0.285864
1.9154e+18 0.513229 0.201156 0.285615
1.9125e+18 0.513436 0.201195 0.285369
1.9096e+18 0.513641 0.201234 0.285125
1.9067e+18 0.513842 0.201274 0.284884
1.9038e+18 0.514042 0.201314 0.284645
1.9009e+18 0.514239 0.201354 0.284407
1.898e+18 0.514434 0.201395 0.284172
1.8951e+18 0.514627 0.201436 0.283937
1.8922e+18 0.514818 0.201477 0.283704
1.8893e+18 0.515008 0.201519 0.283473
1.8864e+18 0.515196 0.201562 0.283242
1.8835e+18 0.51493 0.201539 0.283532
1.8806e+18 0.514527 0.201495 0.283978
1.8777e+18 0.514314 0.20148 0.284206
1.8748e+18 0.514173 0.201476 0.28435
1.8719e+18 0.514073 0.201479 0.284447
1.869e+18 0.514 0.201487 0.284513
1.8661e+18 0.513945 0.201497 0.284557
1.8632e+18 0.513904 0.20151 0.284585
1.8603e+18 0.513874 0.201526 0.2846
1.8574e+18 0.513852 0.201543 0.284605
1.8545e+18 0.513837 0.201562 0.284601
1.8516e+18 0.513827 0.201583 0.28459
1.8487e+18 0.513821 0.201604 0.284574
1.8458e+18 0.51382 0.201627 0.284553
1.8429e+18 0.513821 0.201651 0.284528
1.84e+18 0.513825 0.201676 0.2845
1.8371e+18 0.51383 0.201701 0.284468
1.8342e+18 0.513838 0.201728 0.284434
1.8313e+18 0.512726 0.201687 0.285697
1.8284e+18 0.519753 0.20186 0.278387
1.8255e+18 0.519927 0.201862 0.27821
1.8226e+18 0.520089 0.201867 0.278043
1.8197e+18 0.520241 0.201874 0.277884
1.8168e+18 0.520385 0.201883 0.277732
1.8139e+18 0.520521 0.201894 0.277585
1.811e+18 0.52065 0.201906 0.277444
1.8081e+18 0.520773 0.20192 0.277307
1.8052e+18 0.520891 0.201935 0.277174
1.8023e+18 0.521004 0.201951 0.277045
1.7994e+18 0.521113 0.201968 0.276919
1.7965e+18 0.521217 0.201986 0.276797
1.7936e+18 0.521317 0.202005 0.276678
1.7907e+18 0.521412 0.202025 0.276563
1.7878e+18 0.521504 0.202046 0.27645
1.7849e+18 0.521592 0.202067 0.276341
1.782e+18 0.521675 0.20209 0.276235
1.7791e+18 0.521754 0.202112 0.276133
1.7762e+18 0.521829 0.202136 0.276035
1.7733e+18 0.521898 0.20216 0.275942
1.7704e+18 0.52174 0.202141 0.276119
1.7675e+18 0.521536 0.202108 0.276356
1.7646e+18 0.521414 0.202091 0.276495
1.7617e+18 0.521322 0.202082 0.276595
1.7588e+18 0.521247 0.202078 0.276675
1.7559e+18 0.521181 0.202077 0.276742
1.753e+18 0.521122 0.202078 0.2768
1.7501e+18 0.521066 0.202082 0.276852
1.7472e+18 0.521014 0.202088 0.276899
1.7443e+18 0.520963 0.202095 0.276942
1.7414e+18 0.520915 0.202104 0.276982
1.7385e+18 0.522908 0.202129 0.274963
1.7356e+18 0.52299 0.202093 0.274917
1.7327e+18 0.523061 0.202065 0.274874
1.7298e+18 0.523123 0.202043 0.274833
1.7269e+18 0.52318 0.202026 0.274794
1.724e+18 0.523232 0.202013 0.274755
1.7211e+18 0.52328 0.202003 0.274717
1.7182e+18 0.523324 0.201995 0.27468
1.7153e+18 0.523366 0.20199 0.274643
1.7124e+18 0.523406 0.201987 0.274607
1.7095e+18 0.523443 0.201986 0.274571
1.7066e+18 0.523478 0.201986 0.274535
1.7037e+18 0.523512 0.201989 0.2745
1.7008e+18 0.523543 0.201992 0.274464
1.6979e+18 0.523573 0.201997 0.274429
1.695e+18 0.523605 0.201994 0.274401
1.6921e+18 0.523642 0.201965 0.274393
1.6892e+18 0.523675 0.201948 0.274378
1.6863e+18 0.523704 0.201936 0.27436
1.6834e+18 0.523732 0.201928 0.27434
1.6805e+18 0.523758 0.201923 0.274319
1.6776e+18 0.523782 0.20192 0.274298
1.6747e+18 0.523805 0.20192 0.274275
1.6718e+18 0.523826 0.201921 0.274253
1.6689e+18 0.523846 0.201924 0.27423
1.666e+18 0.523865 0.201928 0.274206
1.6631e+18 0.523883 0.201934 0.274182
1.6602e+18 0.5239 0.201941 0.274159
1.6573e+18 0.523916 0.20195 0.274134
1.6544e+18 0.523931 0.201959 0.27411
1.6515e+18 0.523944 0.20197 0.274086
1.6486e+18 0.523957 0.201982 0.274061
1.6457e+18 0.523969 0.201995 0.274036
1.6428e+18 0.523981 0.202008 0.274011
1.6399e+18 0.523991 0.202023 0.273986
1.637e+18 0.524001 0.202039 0.273961
1.6341e+18 0.524009 0.202055 0.273935
1.6312e+18 0.524017 0.202073 0.27391
1.6283e+18 0.524025 0.202091 0.273884
1.6254e+18 0.524031 0.20211 0.273858
1.6225e+18 0.524037 0.20213 0.273833
1.6196e+18 0.524042 0.202151 0.273807
1.6167e+18 0.524047 0.202172 0.273781
1.6138e+18 0.524051 0.202195 0.273755
1.6109e+18 0.524054 0.202218 0.273728
1.608e+18 0.524057 0.202242 0.273702
1.6051e+18 0.524058 0.202266 0.273676
1.6022e+18 0.52406 0.202291 0.273649
1.5993e+18 0.524061 0.202317 0.273622
1.5964e+18 0.524061 0.202344 0.273596
1.5935e+18 0.52406 0.202371 0.273569
1.5906e+18 0.524059 0.202399 0.273542
1.5877e+18 0.524058 0.202427 0.273515
1.5848e+18 0.524056 0.202457 0.273488
1.5819e+18 0.524053 0.202487 0.27346
1.579e+18 0.52405 0.202517 0.273433
1.5761e+18 0.524046 0.202548 0.273406
1.5732e+18 0.524042 0.20258 0.273378
1.5703e+18 0.524037 0.202612 0.273351
1.5674e+18 0.524032 0.202645 0.273323
1.5645e+18 0.524151 0.202596 0.273253
1.5616e+18 0.524248 0.202562 0.27319
1.5587e+18 0.524323 0.202544 0.273134
1.5558e+18 0.524384 0.202534 0.273082
1.5529e+18 0.524438 0.20253 0.273033
1.55e+18 0.524485 0.20253 0.272985
1.5471e+18 0.524527 0.202534 0.272939
1.5442e+18 0.524566 0.202541 0.272894
1.5413e+18 0.524601 0.20255 0.272849
1.5384e+18 0.524633 0.202561 0.272806
1.5355e+18 0.524663 0.202574 0.272763
1.5326e+18 0.52469 0.202589 0.27272
1.5297e+18 0.524716 0.202606 0.272678
1.5268e+18 0.52474 0.202624 0.272637
1.5239e+18 0.524742 0.202606 0.272651
1.521e+18 0.524743 0.202592 0.272665
1.5181e+18 0.524747 0.202586 0.272666
1.5152e+18 0.524752 0.202586 0.272662
1.5123e+18 0.524756 0.20259 0.272653
1.5094e+18 0.52476 0.202597 0.272642
1.5065e+18 0.524764 0.202607 0.272629
1.5036e+18 0.524767 0.202618 0.272615
1.5007e+18 0.52477 0.202632 0.272599
1.4978e+18 0.524771 0.202647 0.272582
1.4949e+18 0.524773 0.202664 0.272564
1.492e+18 0.524773 0.202682 0.272545
1.4891e+18 0.524773 0.202702 0.272525
1.4862e+18 0.524772 0.202722 0.272505
1.4833e+18 0.524872 0.202678 0.27245
1.4804e+18 0.52497 0.202635 0.272395
1.4775e+18 0.525044 0.202609 0.272347
1.4746e+18 0.525105 0.202593 0.272302
1.4717e+18 0.525158 0.202582 0.272259
1.4688e+18 0.525205 0.202576 0.272218
1.4659e+18 0.525248 0.202574 0.272178
1.463e+18 0.525286 0.202575 0.272139
1.4601e+18 0.525321 0.202579 0.2721
1.4572e+18 0.525354 0.202585 0.272061
1.4543e+18 0.525384 0.202593 0.272023
1.4514e+18 0.525404 0.202557 0.272039
1.4485e+18 0.525424 0.202537 0.272039
1.4456e+18 0.525443 0.202526 0.272031
1.4427e+18 0.525461 0.202519 0.27202
1.4398e+18 0.525477 0.202517 0.272007
1.4369e+18 0.525491 0.202517 0.271991
1.434e+18 0.525505 0.202521 0.271975
1.4311e+18 0.525517 0.202526 0.271957
1.4282e+18 0.525528 0.202534 0.271938
1.4253e+18 0.525537 0.202544 0.271919
1.4224e+18 0.525546 0.202555 0.271899
1.4195e+18 0.525554 0.202568 0.271879
1.4166e+18 0.52556 0.202582 0.271858
1.4137e+18 0.525566 0.202598 0.271836
1.4108e+18 0.52557 0.202615 0.271815
1.4079e+18 0.525574 0.202634 0.271792
1.405e+18 0.525576 0.202654 0.27177
1.4021e+18 0.525578 0.202675 0.271747
1.3992e+18 0.525579 0.202697 0.271724
1.3963e+18 0.525579 0.202721 0.271701
1.3934e+18 0.525578 0.202745 0.271677
1.3905e+18 0.525576 0.202748 0.271677
1.3876e+18 0.525573 0.202744 0.271683
1.3847e+18 0.525569 0.202749 0.271682
1.3818e+18 0.525564 0.202759 0.271678
1.3789e+18 0.525558 0.202772 0.27167
1.376e+18 0.525551 0.202787 0.271661
1.3731e+18 0.525544 0.202805 0.271651
1.3702e+18 0.525536 0.202824 0.27164
1.3673e+18 0.525526 0.202845 0.271628
1.3644e+18 0.525517 0.202868 0.271615
1.3615e+18 0.525506 0.202892 0.271602
1.3586e+18 0.525495 0.202917 0.271588
1.3557e+18 0.525483 0.202944 0.271573
1.3528e+18 0.525569 0.202902 0.271528
1.3499e+18 0.525662 0.202857 0.271481
1.347e+18 0.525727 0.202832 0.271441
1.3441e+18 0.525777 0.202818 0.271405
1.3412e+18 0.525819 0.202811 0.27137
1.3383e+18 0.525864 0.202775 0.271361
1.3354e+18 0.525902 0.202748 0.27135
1.3325e+18 0.525933 0.202732 0.271335
1.3296e+18 0.52596 0.202722 0.271319
1.3267e+18 0.525982 0.202716 0.271301
1.3238e+18 0.526002 0.202715 0.271283
1.3209e+18 0.526019 0.202716 0.271264
1.318e+18 0.526034 0.202721 0.271245
1.3151e+18 0.526046 0.202728 0.271226
1.3122e+18 0.526056 0.202737 0.271207
1.3093e+18 0.526065 0.202748 0.271187
1.3064e+18 0.526071 0.202762 0.271167
1.3035e+18 0.526077 0.202777 0.271147
1.3006e+18 0.52608 0.202793 0.271126
1.2977e+18 0.526083 0.202812 0.271106
1.2948e+18 0.526083 0.202831 0.271085
1.2919e+18 0.526226 0.202756 0.271019
1.289e+18 0.526309 0.202721 0.27097
1.2861e+18 0.526373 0.2027 0.270927
1.2832e+18 0.526426 0.202687 0.270887
1.2803e+18 0.526472 0.20268 0.270848
1.2774e+18 0.526512 0.202677 0.270811
1.2745e+18 0.526547 0.202678 0.270775
1.2716e+18 0.526579 0.202681 0.270739
1.2687e+18 0.526608 0.202688 0.270704
1.2658e+18 0.526634 0.202697 0.270669
1.2629e+18 0.526657 0.202708 0.270635
1.26e+18 0.526678 0.202721 0.270601
1.2571e+18 0.526696 0.202736 0.270568
1.2542e+18 0.526713 0.202753 0.270534
1.2513e+18 0.526728 0.202771 0.270501
1.2484e+18 0.526741 0.202791 0.270468
1.2455e+18 0.526752 0.202813 0.270435
1.2426e+18 0.526762 0.202836 0.270402
1.2397e+18 0.52677 0.202861 0.270369
1.2368e+18 0.526777 0.202887 0.270336
1.2339e+18 0.526782 0.202915 0.270304
1.231e+18 0.526775 0.202921 0.270304
1.2281e+18 0.526762 0.202915 0.270323
1.2252e+18 0.526751 0.202922 0.270327
1.2223e+18 0.526742 0.202933 0.270325
1.2194e+18 0.526732 0.202949 0.270319
1.2165e+18 0.526722 0.202968 0.27031
1.2136e+18 0.526711 0.20299 0.2703
1.2107e+18 0.5267 0.203013 0.270287
1.2078e+18 0.526687 0.203039 0.270274
1.2049e+18 0.526675 0.203066 0.27026
1.202e+18 0.526661 0.203095 0.270244
1.1991e+18 0.526647 0.203125 0.270228
1.1962e+18 0.526632 0.203157 0.270211
1.1933e+18 0.526616 0.203191 0.270194
1.1904e+18 0.526713 0.203146 0.270141
1.1875e+18 0.526789 0.203118 0.270093
1.1846e+18 0.526842 0.203107 0.270052
1.1817e+18 0.526879 0.203069 0.270052
1.1788e+18 0.526906 0.203042 0.270052
1.1759e+18 0.526928 0.203028 0.270044
1.173e+18 0.526946 0.203022 0.270032
1.1701e+18 0.52696 0.203022 0.270019
1.1672e+18 0.52697 0.203026 0.270004
1.1643e+18 0.526978 0.203033 0.269988
1.1614e+18 0.526984 0.203044 0.269972
1.1585e+18 0.526987 0.203058 0.269954
1.1556e+18 0.526988 0.203075 0.269937
1.1527e+18 0.526988 0.203094 0.269918
1.1498e+18 0.526985 0.203115 0.2699
1.1469e+18 0.526981 0.203138 0.26988
1.144e+18 0.527063 0.203104 0.269833
1.1411e+18 0.527159 0.203028 0.269812
1.1382e+18 0.527223 0.20298 0.269797
1.1353e+18 0.527271 0.20295 0.269779
1.1324e+18 0.52731 0.20293 0.26976
1.1295e+18 0.527342 0.202918 0.26974
1.1266e+18 0.527369 0.202912 0.269719
1.1237e+18 0.527392 0.20291 0.269698
1.1208e+18 0.527411 0.202912 0.269677
1.1179e+18 0.527427 0.202917 0.269656
1.115e+18 0.52744 0.202926 0.269635
1.1121e+18 0.52745 0.202937 0.269613
1.1092e+18 0.527458 0.202951 0.269591
1.1063e+18 0.527471 0.202933 0.269596
1.1034e+18 0.527479 0.202928 0.269593
1.1005e+18 0.527484 0.20293 0.269586
1.0976e+18 0.527486 0.202937 0.269577
1.0947e+18 0.527486 0.202948 0.269567
1.0918e+18 0.527483 0.202961 0.269555
1.0889e+18 0.527479 0.202978 0.269543
1.086e+18 0.527473 0.202997 0.26953
1.0831e+18 0.527465 0.203018 0.269516
1.0802e+18 0.527456 0.203042 0.269502
1.0773e+18 0.527445 0.203067 0.269487
1.0744e+18 0.527433 0.203095 0.269472
1.0715e+18 0.527419 0.203124 0.269457
1.0686e+18 0.527404 0.203155 0.269441
1.0657e+18 0.527443 0.203149 0.269408
1.0628e+18 0.527539 0.203104 0.269358
1.0599e+18 0.527594 0.203088 0.269318
1.057e+18 0.527633 0.203084 0.269283
1.0541e+18 0.527663 0.203088 0.269249
1.0512e+18 0.527686 0.203096 0.269217
1.0483e+18 0.527704 0.20311 0.269186
1.0454e+18 0.527718 0.203127 0.269155
1.0425e+18 0.527728 0.203147 0.269125
1.0396e+18 0.527735 0.20317 0.269095
1.0367e+18 0.527739 0.203195 0.269066
1.0338e+18 0.52774 0.203223 0.269036
1.0309e+18 0.527739 0.203253 0.269007
1.028e+18 0.527729 0.203235 0.269036
1.0251e+18 0.527849 0.203148 0.269003
1.0222e+18 0.52791 0.203113 0.268977
1.0193e+18 0.527953 0.203094 0.268953
1.0164e+18 0.527986 0.203086 0.268928
1.0135e+18 0.528013 0.203084 0.268903
1.0106e+18 0.528034 0.203088 0.268878
1.0077e+18 0.528051 0.203096 0.268853
1.0048e+18 0.528064 0.203108 0.268827
1.0019e+18 0.528074 0.203124 0.268802
9.99e+17 0.528081 0.203143 0.268776
9.961e+17 0.528079 0.203124 0.268796
9.932e+17 0.528076 0.203124 0.2688
9.903e+17 0.528072 0.203132 0.268797
9.874e+17 0.528065 0.203145 0.26879
9.845e+17 0.528056 0.203162 0.268782
9.816e+17 0.528046 0.203183 0.268771
9.787e+17 0.528033 0.203207 0.26876
9.758e+17 0.528019 0.203233 0.268747
9.729e+17 0.528003 0.203262 0.268734
9.7e+17 0.527986 0.203294 0.26872
9.671e+17 0.527967 0.20331 0.268724
9.642e+17 0.527945 0.203318 0.268737
9.613e+17 0.528042 0.20325 0.268708
9.584e+17 0.528103 0.203213 0.268684
9.555e+17 0.528141 0.203197 0.268662
9.526e+17 0.528166 0.203192 0.268643
9.497e+17 0.528183 0.203194 0.268623
9.468e+17 0.528194 0.203202 0.268604
9.439e+17 0.5282 0.203215 0.268585
9.41e+17 0.528207 0.203204 0.268589
9.381e+17 0.528284 0.203201 0.268515
9.352e+17 0.528337 0.203207 0.268457
9.323e+17 0.528478 0.203164 0.268358
9.294e+17 0.528627 0.203112 0.26826
9.265e+17 0.528724 0.203087 0.268189
9.236e+17 0.528797 0.203074 0.268129
9.207e+17 0.528856 0.203069 0.268075
9.178e+17 0.528904 0.203071 0.268025
9.149e+17 0.528945 0.203078 0.267977
9.12e+17 0.528978 0.203089 0.267932
9.091e+17 0.529006 0.203105 0.267889
9.062e+17 0.529028 0.203124 0.267848
9.033e+17 0.529046 0.203146 0.267807
9.004e+17 0.52906 0.203172 0.267768
8.975e+17 0.52907 0.2032 0.267729
8.946e+17 0.529077 0.203232 0.267692
8.917e+17 0.52908 0.203266 0.267655
8.888e+17 0.52908 0.203302 0.267618
8.859e+17 0.529077 0.203341 0.267582
8.83e+17 0.529054 0.203354 0.267592
8.801e+17 0.529029 0.203371 0.2676
8.772e+17 0.52916 0.2033 0.26754
8.743e+17 0.529223 0.203279 0.267498
8.714e+17 0.529264 0.203275 0.267461
8.685e+17 0.529293 0.203281 0.267426
8.656e+17 0.529314 0.203295 0.267391
8.627e+17 0.529329 0.203313 0.267358
8.598e+17 0.529334 0.203325 0.267341
8.569e+17 0.529327 0.203319 0.267354
8.54e+17 0.529363 0.203303 0.267335
8.511e+17 0.529477 0.203244 0.267279
8.482e+17 0.52954 0.203222 0.267238
8.453e+17 0.529584 0.203215 0.267201
8.424e+17 0.529618 0.203216 0.267166
8.395e+17 0.529643 0.203225 0.267132
8.366e+17 0.529657 0.203204 0.267139
8.337e+17 0.529666 0.2032 0.267134
8.308e+17 0.529671 0.203207 0.267123
8.279e+17 0.529671 0.203219 0.267109
8.25e+17 0.529668 0.203238 0.267094
8.221e+17 0.529661 0.20326 0.267079
8.192e+17 0.529651 0.203287 0.267062
8.163e+17 0.529636 0.203288 0.267076
8.134e+17 0.529619 0.203301 0.26708
8.105e+17 0.529598 0.203323 0.267079
8.076e+17 0.5297 0.20327 0.26703
8.047e+17 0.529762 0.203245 0.266992
8.018e+17 0.529798 0.20324 0.266962
7.989e+17 0.52982 0.203246 0.266934
7.96e+17 0.529834 0.203259 0.266907
7.931e+17 0.52984 0.203278 0.266882
7.902e+17 0.52984 0.203303 0.266857
7.873e+17 0.529887 0.2033 0.266813
7.844e+17 0.529992 0.203265 0.266743
7.815e+17 0.53005 0.20326 0.26669
7.786e+17 0.53009 0.203267 0.266643
7.757e+17 0.530119 0.203283 0.266599
7.728e+17 0.53012 0.20326 0.26662
7.699e+17 0.530123 0.203264 0.266613
7.67e+17 0.530122 0.203278 0.2666
7.641e+17 0.530116 0.203299 0.266585
7.612e+17 0.530106 0.203326 0.266568
7.583e+17 0.530093 0.203357 0.26655
7.554e+17 0.530069 0.203372 0.266559
7.525e+17 0.53004 0.203385 0.266575
7.496e+17 0.530009 0.203411 0.26658
7.467e+17 0.530114 0.203358 0.266528
7.438e+17 0.530223 0.203344 0.266433
7.409e+17 0.530329 0.203347 0.266324
7.38e+17 0.530378 0.203339 0.266283
7.351e+17 0.530406 0.203336 0.266258
7.322e+17 0.530425 0.203347 0.266228
7.293e+17 0.530565 0.203298 0.266137
7.264e+17 0.530666 0.203272 0.266061
7.235e+17 0.530732 0.203262 0.266006
7.206e+17 0.530773 0.203233 0.265994
7.177e+17 0.530803 0.203229 0.265968
7.148e+17 0.530824 0.203235 0.265941
7.119e+17 0.530836 0.20325 0.265914
7.09e+17 0.530842 0.203271 0.265887
7.061e+17 0.530841 0.203298 0.265861
7.032e+17 0.530834 0.20333 0.265836
7.003e+17 0.530822 0.203367 0.265811
6.974e+17 0.530863 0.203377 0.26576
6.945e+17 0.53097 0.203354 0.265676
6.916e+17 0.531022 0.203362 0.265616
6.887e+17 0.531051 0.203377 0.265572
6.858e+17 0.531046 0.203368 0.265585
6.829e+17 0.531042 0.203384 0.265574
6.8e+17 0.53116 0.203342 0.265498
6.771e+17 0.531238 0.203328 0.265435
6.742e+17 0.531284 0.203329 0.265387
6.713e+17 0.531298 0.203307 0.265395
6.684e+17 0.531308 0.203311 0.265381
6.655e+17 0.531309 0.203327 0.265364
6.626e+17 0.531302 0.203351 0.265346
6.597e+17 0.531284 0.203367 0.265349
6.568e+17 0.531255 0.203377 0.265368
6.539e+17 0.531224 0.203403 0.265373
6.51e+17 0.531322 0.203366 0.265312
6.481e+17 0.531378 0.203358 0.265264
6.452e+17 0.531397 0.203333 0.265271
6.423e+17 0.5314 0.203336 0.265264
6.394e+17 0.531393 0.203352 0.265256
6.365e+17 0.531536 0.203299 0.265165
6.336e+17 0.531601 0.20329 0.265109
6.307e+17 0.531639 0.203297 0.265064
6.278e+17 0.531659 0.203316 0.265025
6.249e+17 0.531667 0.203342 0.264991
6.22e+17 0.531664 0.203376 0.26496
6.191e+17 0.531635 0.203394 0.264971
6.162e+17 0.531596 0.203414 0.26499
6.133e+17 0.531555 0.203448 0.264997
6.104e+17 0.531696 0.203409 0.264895
6.075e+17 0.53173 0.203401 0.264869
6.046e+17 0.53173 0.203397 0.264873
6.017e+17 0.531717 0.203414 0.264869
5.988e+17 0.531863 0.203378 0.264759
5.959e+17 0.531934 0.203348 0.264718
5.93e+17 0.531965 0.203339 0.264696
5.901e+17 0.531976 0.203348 0.264676
5.872e+17 0.53197 0.203369 0.264661
5.843e+17 0.53193 0.203365 0.264706
5.814e+17 0.531887 0.203384 0.264729
5.785e+17 0.531837 0.203415 0.264748
5.756e+17 0.532012 0.203379 0.264608
5.727e+17 0.532075 0.203389 0.264536
5.698e+17 0.532099 0.203414 0.264487
5.669e+17 0.532198 0.203432 0.26437
5.64e+17 0.532509 0.203426 0.264065
5.611e+17 0.532505 0.203402 0.264094
5.582e+17 0.532489 0.203411 0.264101
5.553e+17 0.532466 0.203435 0.264099
5.524e+17 0.532444 0.203444 0.264112
5.495e+17 0.532417 0.203469 0.264115
5.466e+17 0.532399 0.20348 0.264121
5.437e+17 0.53241 0.203436 0.264154
5.408e+17 0.5324 0.20343 0.26417
5.379e+17 0.532379 0.203447 0.264174
5.35e+17 0.532403 0.203382 0.264215
5.321e+17 0.532404 0.203359 0.264237
5.292e+17 0.532392 0.203363 0.264246
5.263e+17 0.53237 0.203383 0.264247
5.234e+17 0.532343 0.203416 0.264242
5.205e+17 0.53231 0.203458 0.264232
5.176e+17 0.5323 0.203463 0.264237
5.147e+17 0.532298 0.203432 0.264271
5.118e+17 0.532277 0.203445 0.264278
5.089e+17 0.532273 0.20343 0.264298
5.06e+17 0.532278 0.203388 0.264333
5.031e+17 0.532263 0.203392 0.264345
5.002e+17 0.532246 0.203393 0.264361
4.973e+17 0.532221 0.203411 0.264368
4.944e+17 0.532188 0.203446 0.264366
4.915e+17 0.532199 0.203398 0.264403
4.886e+17 0.532189 0.203391 0.26442
4.857e+17 0.532165 0.203412 0.264423
4.828e+17 0.532175 0.203376 0.264449
4.799e+17 0.53216 0.203384 0.264456
4.77e+17 0.532139 0.203392 0.264469
4.741e+17 0.532111 0.203414 0.264475
4.712e+17 0.532075 0.203455 0.26447
4.683e+17 0.532076 0.203416 0.264508
4.654e+17 0.532059 0.203418 0.264523
4.625e+17 0.532044 0.203413 0.264543
4.596e+17 0.532054 0.203367 0.264579
4.567e+17 0.532045 0.203353 0.264602
4.538e+17 0.532023 0.203365 0.264611
4.509e+17 0.531991 0.203398 0.264611
4.48e+17 0.531974 0.203405 0.264621
4.451e+17 0.531959 0.203411 0.26463
4.422e+17 0.531934 0.203421 0.264645
4.393e+17 0.531941 0.203379 0.26468
4.364e+17 0.531926 0.203371 0.264703
4.335e+17 0.531934 0.203392 0.264674
4.306e+17 0.531961 0.203412 0.264627
4.277e+17 0.532006 0.203386 0.264608
4.248e+17 0.53202 0.203377 0.264603
4.219e+17 0.532054 0.203342 0.264604
4.19e+17 0.532062 0.203345 0.264593
4.161e+17 0.532051 0.203376 0.264573
4.132e+17 0.532031 0.203406 0.264563
4.103e+17 0.532039 0.203392 0.264569
4.074e+17 0.532033 0.20339 0.264577
4.045e+17 0.532049 0.203361 0.264591
4.016e+17 0.532048 0.203345 0.264607
3.987e+17 0.532032 0.203358 0.264609
3.958e+17 0.53201 0.203382 0.264607
3.929e+17 0.532019 0.203361 0.26462
3.9e+17 0.532013 0.203366 0.264621
3.871e+17 0.532031 0.203345 0.264624
3.842e+17 0.532088 0.203369 0.264543
3.813e+17 0.532092 0.203391 0.264516
3.784e+17 0.532132 0.203357 0.26451
3.755e+17 0.532154 0.203346 0.2645
3.726e+17 0.532179 0.203315 0.264506
3.697e+17 0.532173 0.20334 0.264487
3.668e+17 0.532161 0.203377 0.264463
3.639e+17 0.532172 0.203359 0.264469
3.61e+17 0.532188 0.203333 0.264479
3.581e+17 0.532184 0.203337 0.264479
3.552e+17 0.532166 0.203354 0.26448
3.523e+17 0.532175 0.203329 0.264496
3.494e+17 0.532177 0.203322 0.264501
3.465e+17 0.532175 0.203326 0.264499
3.436e+17 0.532152 0.203349 0.264499
3.407e+17 0.532147 0.203341 0.264512
3.378e+17 0.532143 0.203331 0.264526
3.349e+17 0.532144 0.203311 0.264545
3.32e+17 0.532122 0.203328 0.26455
3.291e+17 0.532113 0.203331 0.264555
3.262e+17 0.532109 0.203319 0.264571
3.233e+17 0.532096 0.203318 0.264586
3.204e+17 0.532064 0.203347 0.264589
3.175e+17 0.532063 0.203323 0.264615
3.146e+17 0.532066 0.203294 0.26464
3.117e+17 0.532034 0.203331 0.264635
3.088e+17 0.532019 0.203329 0.264652
3.059e+17 0.532013 0.203308 0.264679
3.03e+17 0.531993 0.20331 0.264697
3.001e+17 0.531977 0.203307 0.264716
2.972e+17 0.531963 0.203307 0.26473
2.943e+17 0.531941 0.203313 0.264746
2.914e+17 0.531918 0.203319 0.264763
2.885e+17 0.531911 0.203293 0.264796
2.856e+17 0.531889 0.203297 0.264813
2.827e+17 0.531864 0.203312 0.264824
2.798e+17 0.531923 0.203291 0.264786
2.769e+17 0.531926 0.203307 0.264767
2.74e+17 0.531936 0.203296 0.264768
2.711e+17 0.531944 0.203293 0.264763
2.682e+17 0.531931 0.203304 0.264765
2.653e+17 0.531937 0.203279 0.264785
2.624e+17 0.531919 0.203291 0.26479
2.595e+17 0.531966 0.203306 0.264728
2.566e+17 0.532001 0.203285 0.264713
2.537e+17 0.53201 0.203286 0.264703
2.508e+17 0.532027 0.203269 0.264704
2.479e+17 0.53202 0.203286 0.264694
2.45e+17 0.532026 0.203268 0.264705
2.421e+17 0.532017 0.203271 0.264712
2.392e+17 0.532015 0.203268 0.264717
2.363e+17 0.531998 0.203278 0.264724
2.334e+17 0.531997 0.203256 0.264748
2.305e+17 0.531975 0.203277 0.264748
2.276e+17 0.531964 0.203268 0.264768
2.247e+17 0.531945 0.203267 0.264788
2.218e+17 0.531926 0.203275 0.264799
2.189e+17 0.531918 0.203252 0.26483
2.16e+17 0.531893 0.20326 0.264847
2.131e+17 0.531873 0.203259 0.264868
2.102e+17 0.531855 0.203248 0.264897
2.073e+17 0.531874 0.203262 0.264864
2.044e+17 0.531891 0.20325 0.264859
2.015e+17 0.531894 0.203245 0.264861
1.986e+17 0.531879 0.203255 0.264865
1.957e+17 0.531915 0.203253 0.264831
1.928e+17 0.531943 0.203243 0.264814
1.899e+17 0.531954 0.203231 0.264815
1.87e+17 0.531942 0.203249 0.264809
1.841e+17 0.53194 0.203238 0.264822
1.812e+17 0.531926 0.203243 0.26483
1.783e+17 0.531911 0.203245 0.264844
1.754e+17 0.531897 0.203237 0.264867
1.725e+17 0.531878 0.203236 0.264886
1.696e+17 0.531858 0.203227 0.264914
1.667e+17 0.531831 0.203234 0.264934
1.638e+17 0.531855 0.203235 0.264911
1.609e+17 0.53186 0.203223 0.264917
1.58e+17 0.531873 0.203223 0.264904
1.551e+17 0.531902 0.20322 0.264877
1.522e+17 0.531908 0.203213 0.264879
1.493e+17 0.531897 0.203215 0.264888
1.464e+17 0.531884 0.203215 0.264901
1.435e+17 0.53187 0.203207 0.264924
1.406e+17 0.531843 0.203213 0.264944
1.377e+17 0.531821 0.203204 0.264975
1.348e+17 0.531843 0.203208 0.264949
1.319e+17 0.531858 0.203203 0.264939
1.29e+17 0.531879 0.203197 0.264923
1.261e+17 0.531872 0.203201 0.264927
1.232e+17 0.531858 0.203197 0.264945
1.203e+17 0.531837 0.203194 0.264969
1.174e+17 0.531809 0.203195 0.264996
1.145e+17 0.531827 0.203194 0.264979
1.116e+17 0.531859 0.203183 0.264957
1.087e+17 0.531852 0.203189 0.264959
1.058e+17 0.531838 0.20318 0.264982
1.029e+17 0.531808 0.203183 0.265009
