3e+18 0.665063 0.174173 0.160764
2.9971e+18 0.665013 0.174163 0.160824
2.9942e+18 0.664965 0.174154 0.160881
2.9913e+18 0.66492 0.174146 0.160934
2.9884e+18 0.664876 0.17414 0.160984
2.9855e+18 0.664835 0.174135 0.161031
2.9826e+18 0.664795 0.17413 0.161075
2.9797e+18 0.664757 0.174127 0.161116
2.9768e+18 0.66472 0.174124 0.161156
2.9739e+18 0.664685 0.174123 0.161193
2.971e+18 0.664651 0.174122 0.161228
2.9681e+18 0.664618 0.174121 0.161261
2.9652e+18 0.664586 0.174122 0.161292
2.9623e+18 0.664556 0.174123 0.161322
2.9594e+18 0.664526 0.174124 0.16135
2.9565e+18 0.664498 0.174126 0.161376
2.9536e+18 0.66447 0.174129 0.161401
2.9507e+18 0.664443 0.174132 0.161424
2.9478e+18 0.664418 0.174136 0.161446
2.9449e+18 0.664393 0.17414 0.161467
2.942e+18 0.664368 0.174145 0.161487
2.9391e+18 0.664345 0.17415 0.161505
2.9362e+18 0.664322 0.174156 0.161522
2.9333e+18 0.6643 0.174162 0.161538
2.9304e+18 0.664279 0.174168 0.161553
2.9275e+18 0.664258 0.174175 0.161567
2.9246e+18 0.664238 0.174183 0.161579
2.9217e+18 0.664219 0.17419 0.161591
2.9188e+18 0.6642 0.174198 0.161602
2.9159e+18 0.664182 0.174207 0.161612
2.913e+18 0.664164 0.174216 0.16162
2.9101e+18 0.664147 0.174225 0.161628
2.9072e+18 0.66413 0.174234 0.161635
2.9043e+18 0.664114 0.174244 0.161642
2.9014e+18 0.664098 0.174255 0.161647
2.8985e+18 0.664083 0.174265 0.161651
2.8956e+18 0.664069 0.174276 0.161655
2.8927e+18 0.664055 0.174287 0.161658
2.8898e+18 0.664041 0.174299 0.16166
2.8869e+18 0.664028 0.17431 0.161662
2.884e+18 0.664015 0.174323 0.161662
2.8811e+18 0.664003 0.174335 0.161662
2.8782e+18 0.663991 0.174348 0.161661
2.8753e+18 0.66398 0.174361 0.16166
2.8724e+18 0.663969 0.174374 0.161658
2.8695e+18 0.663958 0.174387 0.161655
2.8666e+18 0.663948 0.174401 0.161651
2.8637e+18 0.663938 0.174415 0.161647
2.8608e+18 0.663928 0.17443 0.161642
2.8579e+18 0.663919 0.174444 0.161636
2.855e+18 0.663911 0.174459 0.16163
2.8521e+18 0.663902 0.174474 0.161623
2.8492e+18 0.663894 0.17449 0.161616
2.8463e+18 0.663887 0.174505 0.161608
2.8434e+18 0.66388 0.174521 0.161599
2.8405e+18 0.663873 0.174537 0.16159
2.8376e+18 0.663866 0.174554 0.16158
2.8347e+18 0.66386 0.17457 0.16157
2.8318e+18 0.663854 0.174587 0.161559
2.8289e+18 0.663849 0.174604 0.161547
2.826e+18 0.663843 0.174621 0.161535
2.8231e+18 0.663839 0.174639 0.161523
2.8202e+18 0.663834 0.174657 0.161509
2.8173e+18 0.66383 0.174675 0.161496
2.8144e+18 0.663826 0.174693 0.161481
2.8115e+18 0.663822 0.174711 0.161466
2.8086e+18 0.663819 0.17473 0.161451
2.8057e+18 0.663816 0.174749 0.161435
2.8028e+18 0.663813 0.174768 0.161419
2.7999e+18 0.663811 0.174787 0.161402
2.797e+18 0.663809 0.174807 0.161385
2.7941e+18 0.663807 0.174826 0.161367
2.7912e+18 0.663805 0.174846 0.161348
2.7883e+18 0.663804 0.174867 0.16133
2.7854e+18 0.663803 0.174887 0.16131
2.7825e+18 0.663802 0.174907 0.16129
2.7796e+18 0.663802 0.174928 0.16127
2.7767e+18 0.663802 0.174949 0.161249
2.7738e+18 0.663802 0.17497 0.161228
2.7709e+18 0.663802 0.174992 0.161206
2.768e+18 0.663803 0.175013 0.161184
2.7651e+18 0.663804 0.175035 0.161161
2.7622e+18 0.663805 0.175057 0.161138
2.7593e+18 0.663807 0.175079 0.161114
2.7564e+18 0.663808 0.175101 0.16109
2.7535e+18 0.66381 0.175124 0.161066
2.7506e+18 0.663813 0.175146 0.161041
2.7477e+18 0.663815 0.175169 0.161016
2.7448e+18 0.663818 0.175192 0.16099
2.7419e+18 0.663821 0.175216 0.160963
2.739e+18 0.663824 0.175239 0.160937
2.7361e+18 0.663828 0.175263 0.16091
2.7332e+18 0.663831 0.175287 0.160882
2.7303e+18 0.663835 0.175311 0.160854
2.7274e+18 0.66384 0.175335 0.160826
2.7245e+18 0.663844 0.175359 0.160797
2.7216e+18 0.663849 0.175384 0.160767
2.7187e+18 0.663854 0.175408 0.160738
2.7158e+18 0.663859 0.175433 0.160708
2.7129e+18 0.663865 0.175458 0.160677
2.71e+18 0.66387 0.175484 0.160646
2.7071e+18 0.663876 0.175509 0.160615
2.7042e+18 0.663882 0.175535 0.160583
2.7013e+18 0.663889 0.17556 0.160551
2.6984e+18 0.663895 0.175586 0.160518
2.6955e+18 0.663902 0.175612 0.160485
2.6926e+18 0.663909 0.175639 0.160452
2.6897e+18 0.663917 0.175665 0.160418
2.6868e+18 0.663924 0.175692 0.160384
2.6839e+18 0.663932 0.175718 0.160349
2.681e+18 0.66394 0.175745 0.160315
2.6781e+18 0.663948 0.175773 0.160279
2.6752e+18 0.663957 0.1758 0.160243
2.6723e+18 0.663965 0.175827 0.160207
2.6694e+18 0.663974 0.175855 0.160171
2.6665e+18 0.663983 0.175883 0.160134
2.6636e+18 0.663993 0.175911 0.160097
2.6607e+18 0.664002 0.175939 0.160059
2.6578e+18 0.664012 0.175967 0.160021
2.6549e+18 0.664022 0.175995 0.159983
2.652e+18 0.664032 0.176024 0.159944
2.6491e+18 0.664043 0.176053 0.159905
2.6462e+18 0.664053 0.176082 0.159865
2.6433e+18 0.664064 0.176111 0.159825
2.6404e+18 0.664075 0.17614 0.159785
2.6375e+18 0.664087 0.176169 0.159744
2.6346e+18 0.664098 0.176199 0.159703
2.6317e+18 0.66411 0.176228 0.159662
2.6288e+18 0.664122 0.176258 0.15962
2.6259e+18 0.664134 0.176288 0.159578
2.623e+18 0.664146 0.176318 0.159535
2.6201e+18 0.664159 0.176349 0.159493
2.6172e+18 0.664172 0.176379 0.159449
2.6143e+18 0.664184 0.17641 0.159406
2.6114e+18 0.664198 0.176441 0.159362
2.6085e+18 0.664211 0.176471 0.159318
2.6056e+18 0.664225 0.176503 0.159273
2.6027e+18 0.664238 0.176534 0.159228
2.5998e+18 0.664252 0.176565 0.159182
2.5969e+18 0.664267 0.176597 0.159137
2.594e+18 0.664281 0.176628 0.159091
2.5911e+18 0.664296 0.17666 0.159044
2.5882e+18 0.66431 0.176692 0.158998
2.5853e+18 0.664325 0.176724 0.15895
2.5824e+18 0.664341 0.176756 0.158903
2.5795e+18 0.664356 0.176789 0.158855
2.5766e+18 0.664372 0.176821 0.158807
2.5737e+18 0.664387 0.176854 0.158758
2.5708e+18 0.664403 0.176887 0.15871
2.5679e+18 0.66442 0.17692 0.15866
2.565e+18 0.664436 0.176953 0.158611
2.5621e+18 0.664453 0.176986 0.158561
2.5592e+18 0.664469 0.17702 0.158511
2.5563e+18 0.664486 0.177053 0.15846
2.5534e+18 0.664504 0.177087 0.158409
2.5505e+18 0.664521 0.177121 0.158358
2.5476e+18 0.664539 0.177155 0.158306
2.5447e+18 0.664556 0.177189 0.158254
2.5418e+18 0.664574 0.177223 0.158202
2.5389e+18 0.664593 0.177258 0.15815
2.536e+18 0.664611 0.177292 0.158097
2.5331e+18 0.664629 0.177327 0.158043
2.5302e+18 0.664648 0.177362 0.15799
2.5273e+18 0.664667 0.177397 0.157936
2.5244e+18 0.664686 0.177432 0.157881
2.5215e+18 0.664706 0.177467 0.157827
2.5186e+18 0.664725 0.177503 0.157772
2.5157e+18 0.664745 0.177538 0.157717
2.5128e+18 0.664711 0.177519 0.157772
2.5099e+18 0.664552 0.177414 0.158034
2.507e+18 0.664428 0.177334 0.158238
2.5041e+18 0.664323 0.177271 0.158407
2.5012e+18 0.664231 0.177217 0.158551
2.4983e+18 0.66415 0.177172 0.158678
2.4954e+18 0.664076 0.177133 0.158791
2.4925e+18 0.664009 0.177098 0.158893
2.4896e+18 0.663947 0.177068 0.158985
2.4867e+18 0.663889 0.177042 0.159069
2.4838e+18 0.663835 0.177018 0.159146
2.4809e+18 0.663785 0.176998 0.159217
2.478e+18 0.663738 0.17698 0.159283
2.4751e+18 0.663693 0.176963 0.159344
2.4722e+18 0.663651 0.176949 0.1594
2.4693e+18 0.663611 0.176937 0.159452
2.4664e+18 0.663573 0.176926 0.159501
2.4635e+18 0.663537 0.176917 0.159546
2.4606e+18 0.663503 0.17691 0.159588
2.4577e+18 0.66347 0.176903 0.159627
2.4548e+18 0.663439 0.176898 0.159663
2.4519e+18 0.663409 0.176894 0.159697
2.449e+18 0.663381 0.176891 0.159728
2.4461e+18 0.663354 0.176889 0.159757
2.4432e+18 0.663328 0.176888 0.159783
2.4403e+18 0.663303 0.176888 0.159808
2.4374e+18 0.66328 0.176889 0.159831
2.4345e+18 0.663257 0.176891 0.159851
2.4316e+18 0.663236 0.176894 0.15987
2.4287e+18 0.663215 0.176897 0.159887
2.4258e+18 0.663196 0.176902 0.159903
2.4229e+18 0.663177 0.176906 0.159917
2.42e+18 0.663159 0.176912 0.159929
2.4171e+18 0.663142 0.176918 0.15994
2.4142e+18 0.663126 0.176925 0.159949
2.4113e+18 0.66311 0.176933 0.159957
2.4084e+18 0.663095 0.176941 0.159964
2.4055e+18 0.663081 0.17695 0.159969
2.4026e+18 0.663068 0.176959 0.159973
2.3997e+18 0.663055 0.176969 0.159975
2.3968e+18 0.663044 0.176979 0.159977
2.3939e+18 0.663032 0.17699 0.159977
2.391e+18 0.663022 0.177002 0.159976
2.3881e+18 0.663012 0.177014 0.159974
2.3852e+18 0.663002 0.177026 0.159971
2.3823e+18 0.662993 0.177039 0.159967
2.3794e+18 0.662985 0.177053 0.159962
2.3765e+18 0.662977 0.177067 0.159956
2.3736e+18 0.66297 0.177081 0.159949
2.3707e+18 0.662964 0.177096 0.15994
2.3678e+18 0.662957 0.177111 0.159931
2.3649e+18 0.662952 0.177127 0.159921
2.362e+18 0.662947 0.177143 0.15991
2.3591e+18 0.662942 0.17716 0.159898
2.3562e+18 0.662938 0.177176 0.159885
2.3533e+18 0.662935 0.177194 0.159871
2.3504e+18 0.662932 0.177212 0.159857
2.3475e+18 0.662929 0.17723 0.159841
2.3446e+18 0.662927 0.177248 0.159825
2.3417e+18 0.662925 0.177267 0.159808
2.3388e+18 0.662924 0.177286 0.15979
2.3359e+18 0.662924 0.177306 0.159771
2.333e+18 0.662923 0.177326 0.159751
2.3301e+18 0.662923 0.177346 0.159731
2.3272e+18 0.662924 0.177366 0.15971
2.3243e+18 0.663014 0.177376 0.15961
2.3214e+18 0.66316 0.17738 0.159461
2.3185e+18 0.663279 0.177387 0.159334
2.3156e+18 0.663384 0.177396 0.159221
2.3127e+18 0.663477 0.177407 0.159116
2.3098e+18 0.663563 0.177419 0.159017
2.3069e+18 0.663643 0.177433 0.158924
2.304e+18 0.663719 0.177447 0.158834
2.3011e+18 0.66379 0.177462 0.158748
2.2982e+18 0.663858 0.177478 0.158664
2.2953e+18 0.663923 0.177495 0.158582
2.2924e+18 0.663986 0.177512 0.158502
2.2895e+18 0.664046 0.17753 0.158423
2.2866e+18 0.664105 0.177549 0.158346
2.2837e+18 0.664162 0.177568 0.158269
2.2808e+18 0.664218 0.177588 0.158194
2.2779e+18 0.664273 0.177608 0.158119
2.275e+18 0.664326 0.177629 0.158045
2.2721e+18 0.664378 0.17765 0.157972
2.2692e+18 0.66443 0.177671 0.157899
2.2663e+18 0.66448 0.177693 0.157827
2.2634e+18 0.66453 0.177715 0.157755
2.2605e+18 0.664579 0.177738 0.157683
2.2576e+18 0.664627 0.177761 0.157612
2.2547e+18 0.664658 0.177713 0.157629
2.2518e+18 0.664686 0.177669 0.157645
2.2489e+18 0.664715 0.177634 0.157651
2.246e+18 0.664744 0.177606 0.15765
2.2431e+18 0.664773 0.177583 0.157643
2.2402e+18 0.664802 0.177565 0.157633
2.2373e+18 0.664831 0.177549 0.15762
2.2344e+18 0.664859 0.177536 0.157604
2.2315e+18 0.664888 0.177526 0.157586
2.2286e+18 0.664917 0.177518 0.157566
2.2257e+18 0.664945 0.177511 0.157544
2.2228e+18 0.664974 0.177506 0.15752
2.2199e+18 0.665002 0.177503 0.157495
2.217e+18 0.66503 0.177501 0.157468
2.2141e+18 0.665059 0.177501 0.157441
2.2112e+18 0.665087 0.177502 0.157412
2.2083e+18 0.665115 0.177504 0.157381
2.2054e+18 0.665143 0.177506 0.15735
2.2025e+18 0.665172 0.17751 0.157318
2.1996e+18 0.665162 0.177497 0.15734
2.1967e+18 0.665101 0.177459 0.15744
2.1938e+18 0.665052 0.177428 0.15752
2.1909e+18 0.665011 0.177403 0.157586
2.188e+18 0.664978 0.177381 0.157642
2.1851e+18 0.664949 0.177362 0.15769
2.1822e+18 0.664924 0.177345 0.157731
2.1793e+18 0.664903 0.177331 0.157766
2.1764e+18 0.664884 0.177319 0.157797
2.1735e+18 0.664868 0.177309 0.157823
2.1706e+18 0.664854 0.1773 0.157846
2.1677e+18 0.664842 0.177293 0.157865
2.1648e+18 0.664832 0.177287 0.157881
2.1619e+18 0.664823 0.177283 0.157895
2.159e+18 0.664816 0.177279 0.157905
2.1561e+18 0.664809 0.177277 0.157914
2.1532e+18 0.664805 0.177275 0.15792
2.1503e+18 0.664801 0.177275 0.157924
2.1474e+18 0.664798 0.177276 0.157926
2.1445e+18 0.664796 0.177277 0.157926
2.1416e+18 0.664796 0.17728 0.157925
2.1387e+18 0.664796 0.177283 0.157921
2.1358e+18 0.664796 0.177287 0.157916
2.1329e+18 0.664798 0.177292 0.15791
2.13e+18 0.6648 0.177297 0.157902
2.1271e+18 0.664803 0.177304 0.157893
2.1242e+18 0.664807 0.177311 0.157882
2.1213e+18 0.664812 0.177318 0.15787
2.1184e+18 0.664816 0.177326 0.157857
2.1155e+18 0.664822 0.177335 0.157843
2.1126e+18 0.664828 0.177345 0.157827
2.1097e+18 0.664835 0.177355 0.15781
2.1068e+18 0.664842 0.177366 0.157792
2.1039e+18 0.66485 0.177377 0.157773
2.101e+18 0.664858 0.177389 0.157753
2.0981e+18 0.664867 0.177401 0.157732
2.0952e+18 0.664876 0.177414 0.15771
2.0923e+18 0.664886 0.177428 0.157687
2.0894e+18 0.664896 0.177441 0.157663
2.0865e+18 0.664907 0.177456 0.157637
2.0836e+18 0.664918 0.177471 0.157611
2.0807e+18 0.664929 0.177486 0.157584
2.0778e+18 0.664941 0.177502 0.157557
2.0749e+18 0.664953 0.177519 0.157528
2.072e+18 0.664966 0.177536 0.157498
2.0691e+18 0.664979 0.177553 0.157468
2.0662e+18 0.664993 0.177571 0.157436
2.0633e+18 0.665006 0.177589 0.157404
2.0604e+18 0.665021 0.177608 0.157371
2.0575e+18 0.665035 0.177627 0.157337
2.0546e+18 0.66505 0.177647 0.157303
2.0517e+18 0.665066 0.177667 0.157267
2.0488e+18 0.665081 0.177687 0.157231
2.0459e+18 0.665098 0.177708 0.157194
2.043e+18 0.665114 0.177729 0.157157
2.0401e+18 0.665131 0.177751 0.157118
2.0372e+18 0.665148 0.177773 0.157079
2.0343e+18 0.665165 0.177796 0.157039
2.0314e+18 0.665183 0.177819 0.156998
2.0285e+18 0.665201 0.177842 0.156957
2.0256e+18 0.66522 0.177865 0.156915
2.0227e+18 0.665239 0.177889 0.156872
2.0198e+18 0.665258 0.177914 0.156828
2.0169e+18 0.665277 0.177939 0.156784
2.014e+18 0.665297 0.177964 0.156739
2.0111e+18 0.665317 0.177989 0.156694
2.0082e+18 0.665338 0.178015 0.156647
2.0053e+18 0.665358 0.178041 0.1566
2.0024e+18 0.665379 0.178068 0.156553
1.9995e+18 0.665401 0.178095 0.156504
1.9966e+18 0.665422 0.178122 0.156455
1.9937e+18 0.665444 0.17815 0.156406
1.9908e+18 0.665467 0.178178 0.156356
1.9879e+18 0.665489 0.178206 0.156305
1.985e+18 0.665512 0.178235 0.156253
1.9821e+18 0.665535 0.178264 0.156201
1.9792e+18 0.665559 0.178293 0.156148
1.9763e+18 0.665582 0.178323 0.156095
1.9734e+18 0.665606 0.178353 0.156041
1.9705e+18 0.665631 0.178383 0.155986
1.9676e+18 0.665655 0.178414 0.15593
1.9647e+18 0.66568 0.178445 0.155875
1.9618e+18 0.665706 0.178476 0.155818
1.9589e+18 0.665731 0.178508 0.155761
1.956e+18 0.665757 0.17854 0.155703
1.9531e+18 0.665783 0.178572 0.155645
1.9502e+18 0.665809 0.178605 0.155586
1.9473e+18 0.665836 0.178638 0.155526
1.9444e+18 0.665863 0.178671 0.155466
1.9415e+18 0.66589 0.178705 0.155405
1.9386e+18 0.665918 0.178739 0.155344
1.9357e+18 0.665946 0.178773 0.155282
1.9328e+18 0.665974 0.178807 0.155219
1.9299e+18 0.665966 0.178827 0.155207
1.927e+18 0.665907 0.178824 0.155269
1.9241e+18 0.665862 0.178829 0.155309
1.9212e+18 0.665827 0.178837 0.155336
1.9183e+18 0.665799 0.178849 0.155352
1.9154e+18 0.665776 0.178862 0.155362
1.9125e+18 0.665757 0.178878 0.155365
1.9096e+18 0.665741 0.178895 0.155364
1.9067e+18 0.665694 0.178875 0.155431
1.9038e+18 0.665602 0.1788 0.155598
1.9009e+18 0.66553 0.178746 0.155725
1.898e+18 0.66547 0.178704 0.155827
1.8951e+18 0.665418 0.17867 0.155911
1.8922e+18 0.665374 0.178643 0.155983
1.8893e+18 0.665334 0.178621 0.156045
1.8864e+18 0.665299 0.178603 0.156099
1.8835e+18 0.665267 0.178588 0.156145
1.8806e+18 0.665238 0.178576 0.156186
1.8777e+18 0.665212 0.178567 0.156221
1.8748e+18 0.665189 0.17856 0.156251
1.8719e+18 0.665167 0.178556 0.156277
1.869e+18 0.665148 0.178553 0.156299
1.8661e+18 0.665131 0.178552 0.156317
1.8632e+18 0.665115 0.178552 0.156333
1.8603e+18 0.665101 0.178554 0.156345
1.8574e+18 0.665088 0.178558 0.156354
1.8545e+18 0.665077 0.178562 0.15636
1.8516e+18 0.665067 0.178568 0.156364
1.8487e+18 0.665059 0.178575 0.156366
1.8458e+18 0.665051 0.178583 0.156365
1.8429e+18 0.665045 0.178593 0.156362
1.84e+18 0.66504 0.178603 0.156357
1.8371e+18 0.665036 0.178614 0.15635
1.8342e+18 0.665032 0.178626 0.156341
1.8313e+18 0.66503 0.178639 0.156331
1.8284e+18 0.665029 0.178653 0.156318
1.8255e+18 0.665029 0.178667 0.156304
1.8226e+18 0.665029 0.178683 0.156288
1.8197e+18 0.66503 0.178699 0.156271
1.8168e+18 0.665032 0.178716 0.156252
1.8139e+18 0.665035 0.178734 0.156231
1.811e+18 0.665039 0.178752 0.156209
1.8081e+18 0.665043 0.178771 0.156185
1.8052e+18 0.665048 0.178791 0.156161
1.8023e+18 0.665054 0.178811 0.156134
1.7994e+18 0.665061 0.178832 0.156107
1.7965e+18 0.665068 0.178854 0.156078
1.7936e+18 0.665076 0.178876 0.156048
1.7907e+18 0.665085 0.178899 0.156016
1.7878e+18 0.665094 0.178923 0.155983
1.7849e+18 0.665104 0.178947 0.155949
1.782e+18 0.665114 0.178971 0.155914
1.7791e+18 0.665125 0.178997 0.155878
1.7762e+18 0.665137 0.179022 0.155841
1.7733e+18 0.665149 0.179049 0.155802
1.7704e+18 0.665162 0.179076 0.155762
1.7675e+18 0.665175 0.179103 0.155722
1.7646e+18 0.665189 0.179131 0.15568
1.7617e+18 0.665204 0.179159 0.155637
1.7588e+18 0.665219 0.179188 0.155593
1.7559e+18 0.665235 0.179217 0.155548
1.753e+18 0.665251 0.179247 0.155502
1.7501e+18 0.665268 0.179278 0.155455
1.7472e+18 0.665227 0.179233 0.15554
1.7443e+18 0.665199 0.179204 0.155597
1.7414e+18 0.665178 0.179184 0.155637
1.7385e+18 0.665162 0.179172 0.155666
1.7356e+18 0.66515 0.179164 0.155686
1.7327e+18 0.665142 0.179159 0.155699
1.7298e+18 0.665135 0.179158 0.155707
1.7269e+18 0.66513 0.17916 0.15571
1.724e+18 0.66507 0.179131 0.155799
1.7211e+18 0.664975 0.179084 0.155942
1.7182e+18 0.6649 0.179049 0.15605
1.7153e+18 0.664857 0.179021 0.156122
1.7124e+18 0.665028 0.178978 0.155995
1.7095e+18 0.665119 0.178946 0.155935
1.7066e+18 0.665186 0.178921 0.155893
1.7037e+18 0.665241 0.1789 0.155859
1.7008e+18 0.665289 0.178883 0.155829
1.6979e+18 0.665332 0.178869 0.1558
1.695e+18 0.665371 0.178857 0.155771
1.6921e+18 0.665409 0.178848 0.155743
1.6892e+18 0.665444 0.178842 0.155714
1.6863e+18 0.665479 0.178837 0.155684
1.6834e+18 0.665512 0.178834 0.155654
1.6805e+18 0.665544 0.178833 0.155623
1.6776e+18 0.665576 0.178833 0.15559
1.6747e+18 0.665608 0.178835 0.155557
1.6718e+18 0.665639 0.178839 0.155523
1.6689e+18 0.66567 0.178843 0.155487
1.666e+18 0.6657 0.178849 0.15545
1.6631e+18 0.665731 0.178856 0.155413
1.6602e+18 0.665761 0.178865 0.155374
1.6573e+18 0.665792 0.178874 0.155334
1.6544e+18 0.665822 0.178885 0.155293
1.6515e+18 0.665853 0.178896 0.155251
1.6486e+18 0.665884 0.178909 0.155208
1.6457e+18 0.665914 0.178922 0.155163
1.6428e+18 0.665945 0.178937 0.155118
1.6399e+18 0.665976 0.178952 0.155072
1.637e+18 0.666007 0.178968 0.155024
1.6341e+18 0.666039 0.178985 0.154976
1.6312e+18 0.66607 0.179003 0.154926
1.6283e+18 0.666102 0.179022 0.154876
1.6254e+18 0.666134 0.179042 0.154825
1.6225e+18 0.666166 0.179062 0.154772
1.6196e+18 0.666198 0.179083 0.154719
1.6167e+18 0.666231 0.179105 0.154664
1.6138e+18 0.666264 0.179127 0.154609
1.6109e+18 0.666297 0.179151 0.154552
1.608e+18 0.66633 0.179175 0.154495
1.6051e+18 0.666364 0.179199 0.154437
1.6022e+18 0.666398 0.179225 0.154377
1.5993e+18 0.666432 0.179251 0.154317
1.5964e+18 0.666467 0.179278 0.154256
1.5935e+18 0.666501 0.179305 0.154194
1.5906e+18 0.666536 0.179333 0.154131
1.5877e+18 0.666572 0.179361 0.154067
1.5848e+18 0.666607 0.179391 0.154002
1.5819e+18 0.666643 0.179421 0.153936
1.579e+18 0.66668 0.179451 0.153869
1.5761e+18 0.666716 0.179482 0.153802
1.5732e+18 0.666753 0.179514 0.153733
1.5703e+18 0.666761 0.179535 0.153704
1.5674e+18 0.66669 0.179527 0.153783
1.5645e+18 0.666646 0.17953 0.153824
1.5616e+18 0.666616 0.179538 0.153846
1.5587e+18 0.666594 0.17955 0.153855
1.5558e+18 0.666579 0.179565 0.153856
1.5529e+18 0.666569 0.179582 0.153849
1.55e+18 0.666563 0.179601 0.153837
1.5471e+18 0.666559 0.179621 0.15382
1.5442e+18 0.666559 0.179643 0.153798
1.5413e+18 0.666561 0.179666 0.153773
1.5384e+18 0.666556 0.179679 0.153764
1.5355e+18 0.666389 0.179543 0.154068
1.5326e+18 0.666282 0.179463 0.154255
1.5297e+18 0.6662 0.179405 0.154395
1.5268e+18 0.666131 0.179359 0.15451
1.5239e+18 0.666072 0.179322 0.154605
1.521e+18 0.66602 0.179292 0.154687
1.5181e+18 0.665974 0.179267 0.154758
1.5152e+18 0.665933 0.179247 0.15482
1.5123e+18 0.665895 0.17923 0.154874
1.5094e+18 0.665862 0.179217 0.154922
1.5065e+18 0.665831 0.179206 0.154963
1.5036e+18 0.665803 0.179198 0.154999
1.5007e+18 0.665778 0.179192 0.15503
1.4978e+18 0.665755 0.179188 0.155057
1.4949e+18 0.665734 0.179187 0.155079
1.492e+18 0.665715 0.179187 0.155098
1.4891e+18 0.665698 0.179189 0.155113
1.4862e+18 0.665683 0.179193 0.155124
1.4833e+18 0.66567 0.179198 0.155133
1.4804e+18 0.665658 0.179204 0.155138
1.4775e+18 0.665648 0.179212 0.15514
1.4746e+18 0.665639 0.179222 0.15514
1.4717e+18 0.665631 0.179232 0.155136
1.4688e+18 0.665625 0.179244 0.155131
1.4659e+18 0.66562 0.179257 0.155122
1.463e+18 0.665617 0.179272 0.155112
1.4601e+18 0.665614 0.179287 0.155099
1.4572e+18 0.665613 0.179304 0.155084
1.4543e+18 0.665613 0.179321 0.155066
1.4514e+18 0.665614 0.17934 0.155047
1.4485e+18 0.665616 0.179359 0.155025
1.4456e+18 0.665619 0.17938 0.155001
1.4427e+18 0.665623 0.179401 0.154976
1.4398e+18 0.665589 0.179371 0.15504
1.4369e+18 0.665537 0.179317 0.155146
1.434e+18 0.665499 0.179282 0.155219
1.4311e+18 0.665469 0.179257 0.155274
1.4282e+18 0.665445 0.179239 0.155316
1.4253e+18 0.665424 0.179226 0.15535
1.4224e+18 0.665407 0.179217 0.155376
1.4195e+18 0.665392 0.179211 0.155396
1.4166e+18 0.66538 0.179208 0.155411
1.4137e+18 0.66537 0.179208 0.155422
1.4108e+18 0.665362 0.17921 0.155428
1.4079e+18 0.665356 0.179214 0.15543
1.405e+18 0.665351 0.17922 0.155429
1.4021e+18 0.665348 0.179227 0.155425
1.3992e+18 0.665346 0.179237 0.155418
1.3963e+18 0.665345 0.179247 0.155407
1.3934e+18 0.665346 0.17926 0.155394
1.3905e+18 0.665249 0.179225 0.155526
1.3876e+18 0.665181 0.179206 0.155614
1.3847e+18 0.665127 0.179194 0.155678
1.3818e+18 0.665083 0.179188 0.155728
1.3789e+18 0.665046 0.179186 0.155768
1.376e+18 0.665014 0.179187 0.1558
1.3731e+18 0.664985 0.17919 0.155825
1.3702e+18 0.66496 0.179195 0.155845
1.3673e+18 0.664938 0.179203 0.155859
1.3644e+18 0.664919 0.179212 0.155869
1.3615e+18 0.664901 0.179223 0.155875
1.3586e+18 0.664887 0.179236 0.155878
1.3557e+18 0.664874 0.17925 0.155876
1.3528e+18 0.664863 0.179265 0.155872
1.3499e+18 0.664853 0.179282 0.155864
1.347e+18 0.664846 0.179301 0.155854
1.3441e+18 0.66484 0.17932 0.15584
1.3412e+18 0.664835 0.179341 0.155824
1.3383e+18 0.664832 0.179362 0.155805
1.3354e+18 0.664831 0.179385 0.155784
1.3325e+18 0.66483 0.179409 0.15576
1.3296e+18 0.664831 0.179434 0.155734
1.3267e+18 0.664834 0.17946 0.155706
1.3238e+18 0.664837 0.179488 0.155675
1.3209e+18 0.664842 0.179516 0.155643
1.318e+18 0.664847 0.179545 0.155608
1.3151e+18 0.664854 0.179575 0.155571
1.3122e+18 0.664863 0.179606 0.155532
1.3093e+18 0.664872 0.179637 0.155491
1.3064e+18 0.664882 0.17967 0.155448
1.3035e+18 0.664893 0.179704 0.155403
1.3006e+18 0.664905 0.179738 0.155356
1.2977e+18 0.664919 0.179774 0.155308
1.2948e+18 0.664933 0.17981 0.155257
1.2919e+18 0.664948 0.179847 0.155205
1.289e+18 0.664928 0.179841 0.155231
1.2861e+18 0.664873 0.179796 0.155331
1.2832e+18 0.664839 0.179774 0.155387
1.2803e+18 0.664815 0.179763 0.155422
1.2774e+18 0.664797 0.17976 0.155443
1.2745e+18 0.664784 0.179762 0.155454
1.2716e+18 0.664775 0.179769 0.155457
1.2687e+18 0.664682 0.179731 0.155587
1.2658e+18 0.664607 0.179705 0.155688
1.2629e+18 0.664551 0.17969 0.155759
1.26e+18 0.664505 0.179682 0.155813
1.2571e+18 0.664467 0.179679 0.155854
1.2542e+18 0.664434 0.179681 0.155885
1.2513e+18 0.664406 0.179686 0.155909
1.2484e+18 0.664382 0.179693 0.155925
1.2455e+18 0.664361 0.179704 0.155935
1.2426e+18 0.664343 0.179716 0.15594
1.2397e+18 0.664328 0.179731 0.15594
1.2368e+18 0.664316 0.179748 0.155936
1.2339e+18 0.664306 0.179767 0.155927
1.231e+18 0.664298 0.179787 0.155914
1.2281e+18 0.664292 0.17981 0.155898
1.2252e+18 0.664288 0.179833 0.155879
1.2223e+18 0.664286 0.179858 0.155855
1.2194e+18 0.664286 0.179885 0.155829
1.2165e+18 0.664248 0.179868 0.155884
1.2136e+18 0.664185 0.179821 0.155994
1.2107e+18 0.664142 0.179796 0.156062
1.2078e+18 0.664108 0.179782 0.156109
1.2049e+18 0.664081 0.179775 0.156144
1.202e+18 0.664059 0.179773 0.156168
1.1991e+18 0.66404 0.179776 0.156184
1.1962e+18 0.664025 0.179781 0.156193
1.1933e+18 0.664013 0.17979 0.156197
1.1904e+18 0.664004 0.179802 0.156195
1.1875e+18 0.663903 0.179769 0.156328
1.1846e+18 0.663823 0.179747 0.15643
1.1817e+18 0.663762 0.179736 0.156502
1.1788e+18 0.663712 0.179732 0.156556
1.1759e+18 0.66367 0.179733 0.156597
1.173e+18 0.663601 0.179716 0.156683
1.1701e+18 0.663519 0.179693 0.156787
1.1672e+18 0.663453 0.179681 0.156866
1.1643e+18 0.663397 0.179674 0.156929
1.1614e+18 0.663347 0.179671 0.156982
1.1585e+18 0.663301 0.179673 0.157026
1.1556e+18 0.663261 0.179677 0.157062
1.1527e+18 0.663224 0.179684 0.157092
1.1498e+18 0.663191 0.179693 0.157116
1.1469e+18 0.663161 0.179705 0.157134
1.144e+18 0.663133 0.179719 0.157147
1.1411e+18 0.663109 0.179735 0.157156
1.1382e+18 0.663087 0.179753 0.15716
1.1353e+18 0.663068 0.179773 0.157159
1.1324e+18 0.663051 0.179794 0.157155
1.1295e+18 0.663036 0.179818 0.157147
1.1266e+18 0.663023 0.179842 0.157135
1.1237e+18 0.663012 0.179869 0.157119
1.1208e+18 0.663003 0.179897 0.1571
1.1179e+18 0.662997 0.179926 0.157077
1.115e+18 0.662992 0.179957 0.157051
1.1121e+18 0.662999 0.179988 0.157013
1.1092e+18 0.663181 0.179975 0.156844
1.1063e+18 0.663249 0.179891 0.15686
1.1034e+18 0.663292 0.179853 0.156855
1.1005e+18 0.663327 0.179832 0.156841
1.0976e+18 0.663359 0.17982 0.156821
1.0947e+18 0.663389 0.179815 0.156796
1.0918e+18 0.663418 0.179816 0.156766
1.0889e+18 0.663447 0.17982 0.156733
1.086e+18 0.663475 0.179829 0.156696
1.0831e+18 0.663612 0.179828 0.15656
1.0802e+18 0.663729 0.17982 0.156451
1.0773e+18 0.663719 0.179793 0.156488
1.0744e+18 0.663762 0.17978 0.156458
1.0715e+18 0.663816 0.179775 0.156409
1.0686e+18 0.663874 0.179775 0.156351
1.0657e+18 0.663934 0.179779 0.156287
1.0628e+18 0.663994 0.179787 0.156219
1.0599e+18 0.664056 0.17978 0.156164
1.057e+18 0.664117 0.17968 0.156203
1.0541e+18 0.66417 0.179629 0.156201
1.0512e+18 0.66422 0.179595 0.156185
1.0483e+18 0.664268 0.179571 0.156161
1.0454e+18 0.664316 0.179555 0.156129
1.0425e+18 0.664363 0.179545 0.156092
1.0396e+18 0.66441 0.179539 0.156051
1.0367e+18 0.664457 0.179537 0.156005
1.0338e+18 0.664504 0.17954 0.155956
1.0309e+18 0.664552 0.179545 0.155903
1.028e+18 0.6646 0.179554 0.155847
1.0251e+18 0.664648 0.179565 0.155787
1.0222e+18 0.664696 0.179579 0.155725
1.0193e+18 0.664745 0.179596 0.155659
1.0164e+18 0.664795 0.179615 0.155591
1.0135e+18 0.664845 0.179636 0.15552
1.0106e+18 0.664895 0.179659 0.155446
1.0077e+18 0.664947 0.179684 0.155369
1.0048e+18 0.664998 0.179712 0.15529
1.0019e+18 0.665051 0.179741 0.155208
9.99e+17 0.665104 0.179772 0.155124
9.961e+17 0.66508 0.179777 0.155144
9.932e+17 0.665049 0.17978 0.15517
9.903e+17 0.665043 0.179794 0.155163
9.874e+17 0.665049 0.179813 0.155138
9.845e+17 0.665061 0.179837 0.155102
9.816e+17 0.665079 0.179863 0.155057
9.787e+17 0.665072 0.179833 0.155095
9.758e+17 0.665055 0.179778 0.155168
9.729e+17 0.665053 0.179752 0.155195
9.7e+17 0.66506 0.17974 0.1552
9.671e+17 0.665071 0.179736 0.155192
9.642e+17 0.665087 0.179739 0.155174
9.613e+17 0.665106 0.179747 0.155146
9.584e+17 0.665128 0.17976 0.155112
9.555e+17 0.665153 0.179776 0.155071
9.526e+17 0.66518 0.179795 0.155024
9.497e+17 0.665209 0.179818 0.154973
9.468e+17 0.665241 0.179843 0.154916
9.439e+17 0.665274 0.179872 0.154855
9.41e+17 0.665279 0.179891 0.15483
9.381e+17 0.665181 0.179842 0.154977
9.352e+17 0.665097 0.179763 0.155139
9.323e+17 0.66505 0.179724 0.155226
9.294e+17 0.66494 0.179663 0.155397
9.265e+17 0.664865 0.179625 0.15551
9.236e+17 0.664979 0.179585 0.155436
9.207e+17 0.665037 0.17956 0.155403
9.178e+17 0.665078 0.179543 0.155379
9.149e+17 0.665111 0.179534 0.155355
9.12e+17 0.665142 0.17953 0.155328
9.091e+17 0.665173 0.17953 0.155297
9.062e+17 0.665203 0.179536 0.155261
9.033e+17 0.665235 0.179545 0.155221
9.004e+17 0.665267 0.179558 0.155176
8.975e+17 0.6653 0.179574 0.155127
8.946e+17 0.665334 0.179593 0.155073
8.917e+17 0.665369 0.179615 0.155015
8.888e+17 0.665406 0.17964 0.154954
8.859e+17 0.665444 0.179668 0.154888
8.83e+17 0.665484 0.179698 0.154818
8.801e+17 0.665525 0.179731 0.154744
8.772e+17 0.665567 0.179766 0.154667
8.743e+17 0.665569 0.179722 0.154709
8.714e+17 0.665576 0.17969 0.154735
8.685e+17 0.66549 0.179637 0.154872
8.656e+17 0.665445 0.17961 0.154944
8.627e+17 0.665421 0.179598 0.154981
8.598e+17 0.665409 0.179596 0.154995
8.569e+17 0.665405 0.1796 0.154996
8.54e+17 0.665407 0.17961 0.154984
8.511e+17 0.665414 0.179624 0.154962
8.482e+17 0.665425 0.179643 0.154932
8.453e+17 0.66544 0.179666 0.154894
8.424e+17 0.665419 0.179624 0.154957
8.395e+17 0.665399 0.179584 0.155016
8.366e+17 0.665394 0.179567 0.155038
8.337e+17 0.665397 0.179562 0.155041
8.308e+17 0.665404 0.179565 0.155031
8.279e+17 0.665416 0.179574 0.15501
8.25e+17 0.665432 0.179588 0.15498
8.221e+17 0.665451 0.179607 0.154942
8.192e+17 0.665466 0.179626 0.154908
8.163e+17 0.665388 0.179607 0.155004
8.134e+17 0.665358 0.179612 0.15503
8.105e+17 0.665343 0.179625 0.155032
8.076e+17 0.665337 0.179644 0.155019
8.047e+17 0.665338 0.179669 0.154994
8.018e+17 0.665344 0.179697 0.154959
7.989e+17 0.665354 0.179729 0.154916
7.96e+17 0.665369 0.179765 0.154866
7.931e+17 0.665388 0.179804 0.154809
7.902e+17 0.665396 0.179825 0.154779
7.873e+17 0.665357 0.179776 0.154867
7.844e+17 0.665347 0.179768 0.154885
7.815e+17 0.665348 0.179775 0.154877
7.786e+17 0.665255 0.179747 0.154998
7.757e+17 0.665203 0.179742 0.155055
7.728e+17 0.665136 0.179731 0.155133
7.699e+17 0.665058 0.179718 0.155224
7.67e+17 0.665006 0.17972 0.155274
7.641e+17 0.664968 0.17973 0.155302
7.612e+17 0.664861 0.179642 0.155497
7.583e+17 0.664799 0.179609 0.155592
7.554e+17 0.664753 0.179593 0.155654
7.525e+17 0.664717 0.179588 0.155694
7.496e+17 0.66469 0.179592 0.155718
7.467e+17 0.664669 0.179602 0.155728
7.438e+17 0.664655 0.179618 0.155727
7.409e+17 0.664646 0.179639 0.155715
7.38e+17 0.664641 0.179665 0.155693
7.351e+17 0.664641 0.179696 0.155663
7.322e+17 0.66456 0.179691 0.155749
7.293e+17 0.664515 0.179704 0.15578
7.264e+17 0.664487 0.179728 0.155785
7.235e+17 0.664468 0.179757 0.155774
7.206e+17 0.664457 0.179792 0.155751
7.177e+17 0.664377 0.179736 0.155886
7.148e+17 0.664332 0.179721 0.155947
7.119e+17 0.664302 0.179724 0.155974
7.09e+17 0.664429 0.17972 0.155851
7.061e+17 0.66452 0.179731 0.15575
7.032e+17 0.664587 0.179751 0.155662
7.003e+17 0.664646 0.179778 0.155576
6.974e+17 0.664684 0.179778 0.155538
6.945e+17 0.664597 0.179694 0.155709
6.916e+17 0.664561 0.179662 0.155777
6.887e+17 0.664547 0.179651 0.155802
6.858e+17 0.664544 0.179652 0.155804
6.829e+17 0.664549 0.179663 0.155788
6.8e+17 0.664561 0.179681 0.155758
6.771e+17 0.664577 0.179706 0.155716
6.742e+17 0.664598 0.179737 0.155664
6.713e+17 0.664624 0.179773 0.155603
6.684e+17 0.664644 0.17981 0.155546
6.655e+17 0.66458 0.179814 0.155606
6.626e+17 0.66455 0.179835 0.155615
6.597e+17 0.664417 0.179756 0.155827
6.568e+17 0.664337 0.179715 0.155948
6.539e+17 0.664285 0.179702 0.156013
6.51e+17 0.66425 0.179704 0.156047
6.481e+17 0.664226 0.179716 0.156058
6.452e+17 0.664211 0.179737 0.156052
6.423e+17 0.664182 0.179735 0.156084
6.394e+17 0.664124 0.179692 0.156185
6.365e+17 0.664094 0.179685 0.156221
6.336e+17 0.664029 0.179669 0.156302
6.307e+17 0.664109 0.179643 0.156248
6.278e+17 0.664158 0.17964 0.156202
6.249e+17 0.664197 0.17965 0.156153
6.22e+17 0.664234 0.179669 0.156097
6.191e+17 0.664271 0.179697 0.156032
6.162e+17 0.664311 0.179731 0.155958
6.133e+17 0.664352 0.179772 0.155876
6.104e+17 0.664351 0.179747 0.155902
6.075e+17 0.664357 0.179737 0.155906
6.046e+17 0.664338 0.179732 0.15593
6.017e+17 0.664294 0.179724 0.155981
5.988e+17 0.664284 0.179738 0.155978
5.959e+17 0.664287 0.179764 0.155949
5.93e+17 0.664232 0.179702 0.156066
5.901e+17 0.664219 0.179696 0.156085
5.872e+17 0.664219 0.179707 0.156074
5.843e+17 0.664228 0.179729 0.156042
5.814e+17 0.664149 0.179718 0.156133
5.785e+17 0.664075 0.179711 0.156214
5.756e+17 0.664019 0.179717 0.156264
5.727e+17 0.663987 0.179738 0.156275
5.698e+17 0.663969 0.179769 0.156261
5.669e+17 0.663897 0.179725 0.156378
5.64e+17 0.663856 0.179718 0.156426
5.611e+17 0.663834 0.179731 0.156435
5.582e+17 0.663825 0.179757 0.156418
5.553e+17 0.663748 0.179755 0.156497
5.524e+17 0.66364 0.179689 0.156672
5.495e+17 0.663583 0.179675 0.156742
5.466e+17 0.663547 0.179682 0.15677
5.437e+17 0.663526 0.179703 0.156771
5.408e+17 0.663515 0.179735 0.15675
5.379e+17 0.663514 0.179775 0.156711
5.35e+17 0.663473 0.179799 0.156728
5.321e+17 0.663489 0.179823 0.156689
5.292e+17 0.663625 0.179761 0.156614
5.263e+17 0.663691 0.179751 0.156558
5.234e+17 0.663849 0.179755 0.156396
5.205e+17 0.66399 0.179776 0.156234
5.176e+17 0.664042 0.179717 0.156241
5.147e+17 0.664039 0.179678 0.156284
5.118e+17 0.663991 0.179642 0.156367
5.089e+17 0.663996 0.179641 0.156363
5.06e+17 0.664019 0.179656 0.156325
5.031e+17 0.664054 0.179684 0.156263
5.002e+17 0.664096 0.179723 0.156181
4.973e+17 0.6641 0.179685 0.156216
4.944e+17 0.664043 0.179657 0.1563
4.915e+17 0.664033 0.179664 0.156303
4.886e+17 0.664029 0.179662 0.156309
4.857e+17 0.66401 0.179627 0.156363
4.828e+17 0.664018 0.179634 0.156348
4.799e+17 0.66404 0.179659 0.156301
4.77e+17 0.66414 0.179652 0.156208
4.741e+17 0.664202 0.179673 0.156125
4.712e+17 0.664267 0.179711 0.156022
4.683e+17 0.664287 0.17967 0.156043
4.654e+17 0.664333 0.179684 0.155982
4.625e+17 0.664306 0.179685 0.156009
4.596e+17 0.664203 0.179609 0.156188
4.567e+17 0.664164 0.179585 0.156251
4.538e+17 0.664154 0.179592 0.156254
4.509e+17 0.664163 0.179617 0.15622
4.48e+17 0.664185 0.179657 0.156158
4.451e+17 0.664124 0.179655 0.156221
4.422e+17 0.664072 0.179621 0.156307
4.393e+17 0.664063 0.179637 0.1563
4.364e+17 0.664057 0.179651 0.156292
4.335e+17 0.664031 0.179631 0.156338
4.306e+17 0.663955 0.179617 0.156428
4.277e+17 0.663939 0.179641 0.15642
4.248e+17 0.663944 0.179685 0.156371
4.219e+17 0.663939 0.179728 0.156333
4.19e+17 0.663796 0.179659 0.156546
4.161e+17 0.663723 0.179658 0.156619
4.132e+17 0.663743 0.179625 0.156632
4.103e+17 0.663786 0.179611 0.156603
4.074e+17 0.663779 0.179613 0.156608
4.045e+17 0.66377 0.179631 0.156599
4.016e+17 0.663787 0.179673 0.156539
3.987e+17 0.663762 0.179649 0.156589
3.958e+17 0.663751 0.179667 0.156582
3.929e+17 0.66368 0.179634 0.156687
3.9e+17 0.663654 0.179636 0.15671
3.871e+17 0.663657 0.179671 0.156672
3.842e+17 0.663699 0.179665 0.156635
3.813e+17 0.663678 0.179635 0.156688
3.784e+17 0.663677 0.179632 0.156691
3.755e+17 0.663676 0.179629 0.156695
3.726e+17 0.663604 0.179594 0.156802
3.697e+17 0.663592 0.179613 0.156795
3.668e+17 0.663606 0.179658 0.156736
3.639e+17 0.663559 0.179649 0.156793
3.61e+17 0.66352 0.179657 0.156824
3.581e+17 0.663484 0.17965 0.156866
3.552e+17 0.663404 0.179638 0.156957
3.523e+17 0.66332 0.179642 0.157038
3.494e+17 0.663456 0.179654 0.156891
3.465e+17 0.663492 0.179632 0.156876
3.436e+17 0.663465 0.179605 0.15693
3.407e+17 0.663583 0.17959 0.156827
3.378e+17 0.66368 0.179624 0.156696
3.349e+17 0.663679 0.179621 0.1567
3.32e+17 0.66371 0.179626 0.156664
3.291e+17 0.663664 0.179591 0.156745
3.262e+17 0.663607 0.179577 0.156816
3.233e+17 0.663613 0.179613 0.156773
3.204e+17 0.663676 0.179579 0.156745
3.175e+17 0.663708 0.179578 0.156715
3.146e+17 0.663736 0.179574 0.15669
3.117e+17 0.663722 0.179591 0.156687
3.088e+17 0.663732 0.179604 0.156664
3.059e+17 0.663657 0.179596 0.156747
3.03e+17 0.663586 0.179559 0.156854
3.001e+17 0.663552 0.179585 0.156863
2.972e+17 0.6635 0.179584 0.156915
2.943e+17 0.663475 0.179599 0.156926
2.914e+17 0.663467 0.179582 0.156952
2.885e+17 0.663519 0.17962 0.156861
2.856e+17 0.663441 0.179583 0.156976
2.827e+17 0.663406 0.17957 0.157024
2.798e+17 0.663351 0.179583 0.157066
2.769e+17 0.663407 0.179593 0.157
2.74e+17 0.663404 0.179574 0.157022
2.711e+17 0.6634 0.179587 0.157013
2.682e+17 0.663329 0.179578 0.157093
2.653e+17 0.663268 0.179567 0.157166
2.624e+17 0.663278 0.179576 0.157146
2.595e+17 0.663358 0.179576 0.157067
2.566e+17 0.663391 0.179575 0.157034
2.537e+17 0.663382 0.17956 0.157058
2.508e+17 0.663416 0.179553 0.157031
2.479e+17 0.663415 0.17954 0.157045
2.45e+17 0.663419 0.179577 0.157004
2.421e+17 0.663466 0.179554 0.15698
2.392e+17 0.663448 0.179539 0.157013
2.363e+17 0.663424 0.179539 0.157037
2.334e+17 0.663396 0.179534 0.15707
2.305e+17 0.663378 0.179561 0.157061
2.276e+17 0.663271 0.179534 0.157195
2.247e+17 0.663277 0.179561 0.157162
2.218e+17 0.663265 0.179537 0.157198
2.189e+17 0.663244 0.179567 0.15719
2.16e+17 0.663223 0.179536 0.157241
2.131e+17 0.663229 0.179558 0.157213
2.102e+17 0.663183 0.179543 0.157274
2.073e+17 0.66324 0.179535 0.157224
2.044e+17 0.663229 0.179518 0.157254
2.015e+17 0.663278 0.179531 0.157191
1.986e+17 0.663266 0.179517 0.157217
1.957e+17 0.663233 0.179518 0.157249
1.928e+17 0.663306 0.179528 0.157165
1.899e+17 0.663253 0.179505 0.157242
1.87e+17 0.663216 0.179525 0.157259
1.841e+17 0.663165 0.179543 0.157292
1.812e+17 0.663136 0.17951 0.157354
1.783e+17 0.663091 0.179517 0.157392
1.754e+17 0.663105 0.179516 0.15738
1.725e+17 0.663182 0.179524 0.157294
1.696e+17 0.663155 0.179504 0.157341
1.667e+17 0.66317 0.179494 0.157336
1.638e+17 0.66315 0.179494 0.157356
1.609e+17 0.663171 0.17949 0.157339
1.58e+17 0.663135 0.179502 0.157362
1.551e+17 0.663061 0.179507 0.157432
1.522e+17 0.663046 0.179501 0.157453
1.493e+17 0.663043 0.179504 0.157453
1.464e+17 0.6631 0.17948 0.157421
1.435e+17 0.663097 0.179485 0.157418
1.406e+17 0.663084 0.179484 0.157431
1.377e+17 0.663094 0.179488 0.157418
1.348e+17 0.663022 0.179486 0.157492
1.319e+17 0.662989 0.17948 0.157531
1.29e+17 0.663058 0.179481 0.157461
1.261e+17 0.663026 0.179467 0.157507
1.232e+17 0.663027 0.179475 0.157498
1.203e+17 0.663011 0.179462 0.157527
1.174e+17 0.662963 0.179472 0.157565
1.145e+17 0.663019 0.17947 0.157511
1.116e+17 0.662984 0.179463 0.157553
1.087e+17 0.662988 0.179457 0.157555
1.058e+17 0.662926 0.179462 0.157612
1.029e+17 0.662977 0.179455 0.157568
