3e+18 0.605464 0.243832 0.150704
2.9971e+18 0.605468 0.243852 0.15068
2.9942e+18 0.605472 0.243871 0.150656
2.9913e+18 0.605476 0.243891 0.150632
2.9884e+18 0.605481 0.243912 0.150608
2.9855e+18 0.605485 0.243932 0.150583
2.9826e+18 0.60549 0.243952 0.150558
2.9797e+18 0.605495 0.243973 0.150532
2.9768e+18 0.6055 0.243993 0.150506
2.9739e+18 0.605506 0.244014 0.15048
2.971e+18 0.605511 0.244035 0.150454
2.9681e+18 0.605517 0.244056 0.150427
2.9652e+18 0.605522 0.244077 0.1504
2.9623e+18 0.605528 0.244098 0.150373
2.9594e+18 0.605534 0.24412 0.150346
2.9565e+18 0.605541 0.244141 0.150318
2.9536e+18 0.605547 0.244163 0.15029
2.9507e+18 0.605554 0.244185 0.150261
2.9478e+18 0.60556 0.244207 0.150233
2.9449e+18 0.605567 0.244229 0.150204
2.942e+18 0.605574 0.244251 0.150174
2.9391e+18 0.605582 0.244274 0.150145
2.9362e+18 0.605589 0.244296 0.150115
2.9333e+18 0.605596 0.244319 0.150085
2.9304e+18 0.605604 0.244341 0.150055
2.9275e+18 0.605612 0.244364 0.150024
2.9246e+18 0.60562 0.244387 0.149993
2.9217e+18 0.605628 0.24441 0.149962
2.9188e+18 0.605636 0.244433 0.14993
2.9159e+18 0.605645 0.244457 0.149899
2.913e+18 0.605653 0.24448 0.149867
2.9101e+18 0.605662 0.244504 0.149834
2.9072e+18 0.605671 0.244528 0.149802
2.9043e+18 0.60568 0.244551 0.149769
2.9014e+18 0.605689 0.244575 0.149736
2.8985e+18 0.605698 0.244599 0.149702
2.8956e+18 0.605708 0.244624 0.149668
2.8927e+18 0.605717 0.244648 0.149635
2.8898e+18 0.605727 0.244672 0.1496
2.8869e+18 0.605737 0.244697 0.149566
2.884e+18 0.605747 0.244722 0.149531
2.8811e+18 0.605757 0.244747 0.149496
2.8782e+18 0.605768 0.244772 0.149461
2.8753e+18 0.605778 0.244797 0.149425
2.8724e+18 0.605789 0.244822 0.149389
2.8695e+18 0.6058 0.244847 0.149353
2.8666e+18 0.605811 0.244872 0.149317
2.8637e+18 0.605822 0.244898 0.14928
2.8608e+18 0.605833 0.244924 0.149243
2.8579e+18 0.605845 0.244949 0.149206
2.855e+18 0.605856 0.244975 0.149168
2.8521e+18 0.605868 0.245001 0.149131
2.8492e+18 0.60588 0.245027 0.149093
2.8463e+18 0.605892 0.245054 0.149055
2.8434e+18 0.605904 0.24508 0.149016
2.8405e+18 0.605916 0.245106 0.148977
2.8376e+18 0.605929 0.245133 0.148938
2.8347e+18 0.605941 0.24516 0.148899
2.8318e+18 0.605954 0.245187 0.148859
2.8289e+18 0.605967 0.245214 0.14882
2.826e+18 0.60598 0.245241 0.14878
2.8231e+18 0.605993 0.245268 0.148739
2.8202e+18 0.606006 0.245295 0.148699
2.8173e+18 0.60602 0.245322 0.148658
2.8144e+18 0.606033 0.24535 0.148617
2.8115e+18 0.606047 0.245378 0.148575
2.8086e+18 0.606061 0.245405 0.148534
2.8057e+18 0.606075 0.245433 0.148492
2.8028e+18 0.606089 0.245461 0.14845
2.7999e+18 0.606103 0.245489 0.148407
2.797e+18 0.606118 0.245517 0.148365
2.7941e+18 0.606132 0.245546 0.148322
2.7912e+18 0.606147 0.245574 0.148279
2.7883e+18 0.606162 0.245603 0.148235
2.7854e+18 0.606177 0.245631 0.148192
2.7825e+18 0.606192 0.24566 0.148148
2.7796e+18 0.606208 0.245689 0.148104
2.7767e+18 0.606223 0.245718 0.148059
2.7738e+18 0.606239 0.245747 0.148015
2.7709e+18 0.606254 0.245776 0.14797
2.768e+18 0.60627 0.245805 0.147925
2.7651e+18 0.606286 0.245835 0.147879
2.7622e+18 0.606302 0.245864 0.147834
2.7593e+18 0.606301 0.245884 0.147814
2.7564e+18 0.60626 0.245883 0.147856
2.7535e+18 0.606225 0.245885 0.14789
2.7506e+18 0.606193 0.245888 0.147918
2.7477e+18 0.606165 0.245894 0.147941
2.7448e+18 0.606139 0.245901 0.14796
2.7419e+18 0.606115 0.24591 0.147975
2.739e+18 0.606094 0.245919 0.147987
2.7361e+18 0.606074 0.24593 0.147996
2.7332e+18 0.606056 0.245941 0.148003
2.7303e+18 0.606039 0.245953 0.148007
2.7274e+18 0.606024 0.245966 0.14801
2.7245e+18 0.60601 0.24598 0.14801
2.7216e+18 0.605973 0.245968 0.148058
2.7187e+18 0.605897 0.24591 0.148193
2.7158e+18 0.60583 0.245861 0.148309
2.7129e+18 0.60577 0.24582 0.14841
2.71e+18 0.605716 0.245785 0.1485
2.7071e+18 0.605666 0.245753 0.148581
2.7042e+18 0.60562 0.245726 0.148654
2.7013e+18 0.605577 0.245701 0.148722
2.6984e+18 0.605537 0.24568 0.148784
2.6955e+18 0.605499 0.24566 0.14884
2.6926e+18 0.605464 0.245643 0.148893
2.6897e+18 0.60543 0.245628 0.148942
2.6868e+18 0.605398 0.245614 0.148987
2.6839e+18 0.605368 0.245602 0.14903
2.681e+18 0.605339 0.245592 0.149069
2.6781e+18 0.605312 0.245582 0.149105
2.6752e+18 0.605286 0.245574 0.149139
2.6723e+18 0.605262 0.245567 0.149171
2.6694e+18 0.605238 0.245562 0.1492
2.6665e+18 0.605215 0.245557 0.149228
2.6636e+18 0.605194 0.245553 0.149253
2.6607e+18 0.605173 0.24555 0.149277
2.6578e+18 0.605154 0.245548 0.149299
2.6549e+18 0.605135 0.245546 0.149319
2.652e+18 0.605117 0.245546 0.149337
2.6491e+18 0.6051 0.245546 0.149354
2.6462e+18 0.605083 0.245547 0.14937
2.6433e+18 0.605068 0.245548 0.149384
2.6404e+18 0.605053 0.24555 0.149397
2.6375e+18 0.605038 0.245553 0.149408
2.6346e+18 0.605025 0.245557 0.149419
2.6317e+18 0.605012 0.245561 0.149428
2.6288e+18 0.604999 0.245565 0.149436
2.6259e+18 0.604987 0.24557 0.149442
2.623e+18 0.604976 0.245576 0.149448
2.6201e+18 0.604965 0.245582 0.149453
2.6172e+18 0.604955 0.245588 0.149456
2.6143e+18 0.604945 0.245596 0.149459
2.6114e+18 0.604936 0.245603 0.149461
2.6085e+18 0.604928 0.245611 0.149461
2.6056e+18 0.60492 0.24562 0.149461
2.6027e+18 0.604912 0.245628 0.14946
2.5998e+18 0.604905 0.245638 0.149458
2.5969e+18 0.604898 0.245647 0.149455
2.594e+18 0.604892 0.245658 0.149451
2.5911e+18 0.604886 0.245668 0.149446
2.5882e+18 0.60488 0.245679 0.149441
2.5853e+18 0.604875 0.24569 0.149435
2.5824e+18 0.604871 0.245702 0.149428
2.5795e+18 0.604866 0.245714 0.14942
2.5766e+18 0.604863 0.245726 0.149411
2.5737e+18 0.604859 0.245739 0.149402
2.5708e+18 0.604856 0.245752 0.149392
2.5679e+18 0.604853 0.245765 0.149381
2.565e+18 0.604851 0.245779 0.14937
2.5621e+18 0.604849 0.245793 0.149358
2.5592e+18 0.604848 0.245807 0.149345
2.5563e+18 0.604846 0.245822 0.149332
2.5534e+18 0.604845 0.245837 0.149318
2.5505e+18 0.604845 0.245852 0.149303
2.5476e+18 0.604845 0.245868 0.149287
2.5447e+18 0.604845 0.245884 0.149271
2.5418e+18 0.604845 0.2459 0.149255
2.5389e+18 0.604846 0.245916 0.149237
2.536e+18 0.604847 0.245933 0.14922
2.5331e+18 0.604849 0.24595 0.149201
2.5302e+18 0.60485 0.245967 0.149182
2.5273e+18 0.604853 0.245985 0.149162
2.5244e+18 0.604855 0.246003 0.149142
2.5215e+18 0.604858 0.246021 0.149121
2.5186e+18 0.604861 0.246039 0.1491
2.5157e+18 0.604864 0.246058 0.149078
2.5128e+18 0.604868 0.246077 0.149056
2.5099e+18 0.604871 0.246096 0.149033
2.507e+18 0.604876 0.246115 0.149009
2.5041e+18 0.60488 0.246135 0.148985
2.5012e+18 0.604885 0.246155 0.14896
2.4983e+18 0.60489 0.246175 0.148935
2.4954e+18 0.604895 0.246196 0.148909
2.4925e+18 0.604901 0.246216 0.148883
2.4896e+18 0.604907 0.246237 0.148856
2.4867e+18 0.604913 0.246258 0.148829
2.4838e+18 0.604919 0.246279 0.148801
2.4809e+18 0.604926 0.246301 0.148773
2.478e+18 0.604933 0.246323 0.148744
2.4751e+18 0.60494 0.246345 0.148715
2.4722e+18 0.604947 0.246367 0.148685
2.4693e+18 0.604955 0.24639 0.148655
2.4664e+18 0.604963 0.246412 0.148624
2.4635e+18 0.604971 0.246435 0.148593
2.4606e+18 0.60498 0.246458 0.148562
2.4577e+18 0.604989 0.246482 0.148529
2.4548e+18 0.604998 0.246505 0.148497
2.4519e+18 0.605007 0.246529 0.148464
2.449e+18 0.605017 0.246553 0.14843
2.4461e+18 0.605026 0.246577 0.148396
2.4432e+18 0.605036 0.246602 0.148362
2.4403e+18 0.605047 0.246626 0.148327
2.4374e+18 0.605057 0.246651 0.148291
2.4345e+18 0.605068 0.246676 0.148256
2.4316e+18 0.605079 0.246702 0.148219
2.4287e+18 0.60509 0.246727 0.148183
2.4258e+18 0.605102 0.246753 0.148146
2.4229e+18 0.605113 0.246778 0.148108
2.42e+18 0.605127 0.246804 0.148071
2.4171e+18 0.605097 0.246778 0.148125
2.4142e+18 0.605075 0.246759 0.148166
2.4113e+18 0.605056 0.246744 0.148199
2.4084e+18 0.605041 0.246734 0.148226
2.4055e+18 0.605027 0.246726 0.148247
2.4026e+18 0.605016 0.24672 0.148264
2.3997e+18 0.605006 0.246717 0.148277
2.3968e+18 0.604997 0.246715 0.148287
2.3939e+18 0.60499 0.246715 0.148295
2.391e+18 0.60495 0.246693 0.148357
2.3881e+18 0.604871 0.246644 0.148485
2.3852e+18 0.604804 0.246604 0.148592
2.3823e+18 0.604745 0.246571 0.148684
2.3794e+18 0.604692 0.246542 0.148766
2.3765e+18 0.604644 0.246517 0.148839
2.3736e+18 0.604599 0.246496 0.148905
2.3707e+18 0.604559 0.246477 0.148965
2.3678e+18 0.604521 0.24646 0.14902
2.3649e+18 0.604485 0.246445 0.14907
2.362e+18 0.604452 0.246432 0.149116
2.3591e+18 0.604421 0.246421 0.149158
2.3562e+18 0.604391 0.246412 0.149197
2.3533e+18 0.604363 0.246403 0.149234
2.3504e+18 0.604337 0.246396 0.149267
2.3475e+18 0.604312 0.24639 0.149298
2.3446e+18 0.604288 0.246385 0.149326
2.3417e+18 0.604266 0.246382 0.149352
2.3388e+18 0.604244 0.246379 0.149376
2.3359e+18 0.604224 0.246377 0.149398
2.333e+18 0.604205 0.246376 0.149419
2.3301e+18 0.604187 0.246376 0.149437
2.3272e+18 0.60417 0.246377 0.149454
2.3243e+18 0.604153 0.246378 0.149469
2.3214e+18 0.604215 0.24637 0.149415
2.3185e+18 0.604336 0.246354 0.14931
2.3156e+18 0.604427 0.246344 0.149229
2.3127e+18 0.604503 0.246336 0.149161
2.3098e+18 0.604568 0.24633 0.149101
2.3069e+18 0.604627 0.246326 0.149047
2.304e+18 0.60468 0.246324 0.148996
2.3011e+18 0.604729 0.246322 0.148949
2.2982e+18 0.604775 0.246322 0.148903
2.2953e+18 0.604819 0.246322 0.148859
2.2924e+18 0.60486 0.246324 0.148817
2.2895e+18 0.604899 0.246326 0.148775
2.2866e+18 0.604937 0.246329 0.148734
2.2837e+18 0.604973 0.246332 0.148694
2.2808e+18 0.605008 0.246337 0.148655
2.2779e+18 0.605043 0.246342 0.148615
2.275e+18 0.605076 0.246348 0.148576
2.2721e+18 0.605108 0.246354 0.148537
2.2692e+18 0.60514 0.246361 0.148499
2.2663e+18 0.605172 0.246369 0.14846
2.2634e+18 0.605202 0.246377 0.148421
2.2605e+18 0.605233 0.246385 0.148382
2.2576e+18 0.605262 0.246394 0.148343
2.2547e+18 0.605292 0.246404 0.148304
2.2518e+18 0.605321 0.246414 0.148265
2.2489e+18 0.60535 0.246425 0.148225
2.246e+18 0.605378 0.246436 0.148186
2.2431e+18 0.605407 0.246448 0.148146
2.2402e+18 0.605435 0.24646 0.148106
2.2373e+18 0.605463 0.246472 0.148065
2.2344e+18 0.60549 0.246485 0.148025
2.2315e+18 0.605518 0.246498 0.147984
2.2286e+18 0.605545 0.246512 0.147943
2.2257e+18 0.605573 0.246526 0.147901
2.2228e+18 0.6056 0.246541 0.147859
2.2199e+18 0.605627 0.246556 0.147817
2.217e+18 0.605654 0.246571 0.147775
2.2141e+18 0.605681 0.246587 0.147732
2.2112e+18 0.605709 0.246603 0.147689
2.2083e+18 0.605736 0.246619 0.147645
2.2054e+18 0.605763 0.246636 0.147601
2.2025e+18 0.60579 0.246653 0.147557
2.1996e+18 0.605817 0.246671 0.147512
2.1967e+18 0.605844 0.246689 0.147467
2.1938e+18 0.605871 0.246707 0.147422
2.1909e+18 0.605898 0.246726 0.147376
2.188e+18 0.605925 0.246745 0.14733
2.1851e+18 0.605952 0.246764 0.147284
2.1822e+18 0.605979 0.246784 0.147237
2.1793e+18 0.606006 0.246804 0.14719
2.1764e+18 0.606034 0.246824 0.147142
2.1735e+18 0.606061 0.246844 0.147095
2.1706e+18 0.606059 0.246854 0.147088
2.1677e+18 0.606 0.246842 0.147158
2.1648e+18 0.605956 0.246836 0.147208
2.1619e+18 0.605921 0.246834 0.147245
2.159e+18 0.605893 0.246835 0.147273
2.1561e+18 0.605869 0.246837 0.147294
2.1532e+18 0.60585 0.246841 0.147309
2.1503e+18 0.605833 0.246847 0.147319
2.1474e+18 0.60582 0.246854 0.147326
2.1445e+18 0.605808 0.246862 0.147329
2.1416e+18 0.605799 0.246871 0.14733
2.1387e+18 0.605791 0.246881 0.147327
2.1358e+18 0.605785 0.246892 0.147323
2.1329e+18 0.605781 0.246904 0.147316
2.13e+18 0.605777 0.246916 0.147307
2.1271e+18 0.605775 0.246929 0.147296
2.1242e+18 0.605774 0.246942 0.147284
2.1213e+18 0.605774 0.246956 0.14727
2.1184e+18 0.605774 0.246971 0.147254
2.1155e+18 0.605776 0.246986 0.147238
2.1126e+18 0.605778 0.247002 0.147219
2.1097e+18 0.605782 0.247019 0.1472
2.1068e+18 0.605786 0.247035 0.147179
2.1039e+18 0.60579 0.247053 0.147157
2.101e+18 0.605796 0.24707 0.147134
2.0981e+18 0.605802 0.247088 0.14711
2.0952e+18 0.605808 0.247107 0.147084
2.0923e+18 0.605816 0.247126 0.147058
2.0894e+18 0.605823 0.247146 0.147031
2.0865e+18 0.605832 0.247165 0.147003
2.0836e+18 0.605841 0.247186 0.146974
2.0807e+18 0.60585 0.247206 0.146944
2.0778e+18 0.60586 0.247227 0.146913
2.0749e+18 0.60587 0.247249 0.146881
2.072e+18 0.605881 0.247271 0.146848
2.0691e+18 0.605892 0.247293 0.146815
2.0662e+18 0.605904 0.247315 0.146781
2.0633e+18 0.605916 0.247338 0.146746
2.0604e+18 0.605929 0.247361 0.14671
2.0575e+18 0.605904 0.247322 0.146774
2.0546e+18 0.605876 0.247276 0.146848
2.0517e+18 0.605854 0.247242 0.146903
2.0488e+18 0.605838 0.247215 0.146947
2.0459e+18 0.605824 0.247194 0.146982
2.043e+18 0.605813 0.247177 0.14701
2.0401e+18 0.605804 0.247163 0.147032
2.0372e+18 0.605797 0.247153 0.14705
2.0343e+18 0.605792 0.247144 0.147064
2.0314e+18 0.605788 0.247138 0.147075
2.0285e+18 0.605785 0.247133 0.147082
2.0256e+18 0.605783 0.24713 0.147087
2.0227e+18 0.605782 0.247129 0.147089
2.0198e+18 0.605782 0.247129 0.147089
2.0169e+18 0.605783 0.24713 0.147087
2.014e+18 0.605785 0.247132 0.147083
2.0111e+18 0.605787 0.247136 0.147077
2.0082e+18 0.605791 0.24714 0.147069
2.0053e+18 0.605795 0.247146 0.14706
2.0024e+18 0.605799 0.247152 0.147049
1.9995e+18 0.605805 0.247159 0.147036
1.9966e+18 0.60581 0.247167 0.147022
1.9937e+18 0.605817 0.247176 0.147007
1.9908e+18 0.605824 0.247186 0.14699
1.9879e+18 0.605831 0.247196 0.146972
1.985e+18 0.605839 0.247208 0.146953
1.9821e+18 0.605848 0.247219 0.146933
1.9792e+18 0.605857 0.247232 0.146911
1.9763e+18 0.605867 0.247245 0.146888
1.9734e+18 0.605877 0.247258 0.146865
1.9705e+18 0.605887 0.247273 0.14684
1.9676e+18 0.605898 0.247288 0.146814
1.9647e+18 0.60591 0.247303 0.146787
1.9618e+18 0.605921 0.247319 0.14676
1.9589e+18 0.605934 0.247336 0.146731
1.956e+18 0.605946 0.247353 0.146701
1.9531e+18 0.605959 0.24737 0.14667
1.9502e+18 0.605973 0.247388 0.146639
1.9473e+18 0.605987 0.247407 0.146606
1.9444e+18 0.606001 0.247426 0.146573
1.9415e+18 0.606016 0.247446 0.146539
1.9386e+18 0.606031 0.247466 0.146504
1.9357e+18 0.606046 0.247486 0.146468
1.9328e+18 0.606062 0.247507 0.146431
1.9299e+18 0.606078 0.247528 0.146393
1.927e+18 0.606095 0.24755 0.146355
1.9241e+18 0.606112 0.247572 0.146316
1.9212e+18 0.606129 0.247595 0.146276
1.9183e+18 0.606147 0.247618 0.146235
1.9154e+18 0.606165 0.247642 0.146194
1.9125e+18 0.606183 0.247665 0.146151
1.9096e+18 0.606202 0.24769 0.146108
1.9067e+18 0.606221 0.247714 0.146065
1.9038e+18 0.60624 0.24774 0.14602
1.9009e+18 0.60626 0.247765 0.145975
1.898e+18 0.60628 0.247791 0.145929
1.8951e+18 0.6063 0.247817 0.145882
1.8922e+18 0.606321 0.247844 0.145835
1.8893e+18 0.606342 0.247871 0.145787
1.8864e+18 0.606364 0.247898 0.145738
1.8835e+18 0.606265 0.247839 0.145896
1.8806e+18 0.606158 0.247753 0.14609
1.8777e+18 0.60608 0.247693 0.146227
1.8748e+18 0.606017 0.247648 0.146335
1.8719e+18 0.605965 0.247611 0.146423
1.869e+18 0.605921 0.247582 0.146498
1.8661e+18 0.605881 0.247557 0.146562
1.8632e+18 0.605847 0.247536 0.146617
1.8603e+18 0.605816 0.247519 0.146666
1.8574e+18 0.605788 0.247504 0.146708
1.8545e+18 0.605763 0.247492 0.146745
1.8516e+18 0.60574 0.247483 0.146777
1.8487e+18 0.60572 0.247475 0.146805
1.8458e+18 0.605701 0.247469 0.14683
1.8429e+18 0.605684 0.247465 0.146851
1.84e+18 0.605669 0.247462 0.146869
1.8371e+18 0.605655 0.247461 0.146884
1.8342e+18 0.605643 0.247461 0.146896
1.8313e+18 0.605632 0.247462 0.146906
1.8284e+18 0.605623 0.247464 0.146913
1.8255e+18 0.605614 0.247468 0.146918
1.8226e+18 0.605607 0.247472 0.146921
1.8197e+18 0.6056 0.247478 0.146922
1.8168e+18 0.605595 0.247484 0.14692
1.8139e+18 0.605591 0.247492 0.146918
1.811e+18 0.605587 0.2475 0.146913
1.8081e+18 0.605585 0.247509 0.146906
1.8052e+18 0.605583 0.247519 0.146898
1.8023e+18 0.605582 0.24753 0.146888
1.7994e+18 0.605582 0.247541 0.146877
1.7965e+18 0.605582 0.247553 0.146864
1.7936e+18 0.605584 0.247566 0.14685
1.7907e+18 0.605586 0.24758 0.146834
1.7878e+18 0.60551 0.247558 0.146932
1.7849e+18 0.605442 0.247541 0.147018
1.782e+18 0.605387 0.24753 0.147083
1.7791e+18 0.605341 0.247523 0.147136
1.7762e+18 0.605302 0.247519 0.147179
1.7733e+18 0.605266 0.247518 0.147216
1.7704e+18 0.605234 0.247518 0.147247
1.7675e+18 0.605205 0.247521 0.147274
1.7646e+18 0.605179 0.247524 0.147297
1.7617e+18 0.605155 0.247529 0.147316
1.7588e+18 0.605133 0.247536 0.147331
1.7559e+18 0.605113 0.247543 0.147344
1.753e+18 0.605094 0.247552 0.147354
1.7501e+18 0.605077 0.247561 0.147362
1.7472e+18 0.605062 0.247571 0.147367
1.7443e+18 0.605048 0.247583 0.14737
1.7414e+18 0.605035 0.247595 0.147371
1.7385e+18 0.605023 0.247608 0.14737
1.7356e+18 0.605012 0.247621 0.147367
1.7327e+18 0.605003 0.247636 0.147362
1.7298e+18 0.604994 0.247651 0.147355
1.7269e+18 0.604987 0.247667 0.147347
1.724e+18 0.60498 0.247683 0.147337
1.7211e+18 0.604975 0.2477 0.147325
1.7182e+18 0.60497 0.247718 0.147312
1.7153e+18 0.604966 0.247737 0.147297
1.7124e+18 0.604963 0.247756 0.147281
1.7095e+18 0.604961 0.247775 0.147264
1.7066e+18 0.604959 0.247796 0.147245
1.7037e+18 0.604959 0.247817 0.147225
1.7008e+18 0.604959 0.247838 0.147203
1.6979e+18 0.60496 0.24786 0.14718
1.695e+18 0.604961 0.247883 0.147156
1.6921e+18 0.604964 0.247906 0.14713
1.6892e+18 0.604967 0.247929 0.147104
1.6863e+18 0.604971 0.247954 0.147076
1.6834e+18 0.604975 0.247978 0.147047
1.6805e+18 0.60498 0.248003 0.147016
1.6776e+18 0.604986 0.248029 0.146985
1.6747e+18 0.604992 0.248055 0.146952
1.6718e+18 0.604999 0.248082 0.146919
1.6689e+18 0.605007 0.248109 0.146884
1.666e+18 0.605159 0.248122 0.14672
1.6631e+18 0.605272 0.248139 0.146589
1.6602e+18 0.605271 0.248133 0.146596
1.6573e+18 0.605281 0.248132 0.146586
1.6544e+18 0.605286 0.24802 0.146694
1.6515e+18 0.605288 0.247947 0.146765
1.6486e+18 0.605291 0.247894 0.146815
1.6457e+18 0.605295 0.247853 0.146852
1.6428e+18 0.6053 0.24782 0.14688
1.6399e+18 0.605306 0.247793 0.146901
1.637e+18 0.605313 0.24777 0.146917
1.6341e+18 0.60532 0.247752 0.146928
1.6312e+18 0.605328 0.247737 0.146935
1.6283e+18 0.605337 0.247724 0.146939
1.6254e+18 0.605346 0.247715 0.14694
1.6225e+18 0.605356 0.247707 0.146937
1.6196e+18 0.605366 0.247702 0.146932
1.6167e+18 0.605377 0.247698 0.146925
1.6138e+18 0.605388 0.247696 0.146916
1.6109e+18 0.6054 0.247696 0.146904
1.608e+18 0.605412 0.247697 0.14689
1.6051e+18 0.605425 0.2477 0.146875
1.6022e+18 0.605439 0.247704 0.146857
1.5993e+18 0.605452 0.247709 0.146838
1.5964e+18 0.605467 0.247716 0.146817
1.5935e+18 0.605481 0.247724 0.146795
1.5906e+18 0.605497 0.247732 0.146771
1.5877e+18 0.605512 0.247742 0.146746
1.5848e+18 0.605528 0.247753 0.146719
1.5819e+18 0.605545 0.247765 0.14669
1.579e+18 0.605562 0.247777 0.146661
1.5761e+18 0.605579 0.247791 0.14663
1.5732e+18 0.605597 0.247806 0.146597
1.5703e+18 0.605615 0.247821 0.146564
1.5674e+18 0.605634 0.247837 0.146529
1.5645e+18 0.605653 0.247854 0.146492
1.5616e+18 0.605673 0.247872 0.146455
1.5587e+18 0.605693 0.247891 0.146416
1.5558e+18 0.605714 0.24791 0.146376
1.5529e+18 0.605735 0.24793 0.146335
1.55e+18 0.60573 0.247902 0.146368
1.5471e+18 0.605715 0.247857 0.146428
1.5442e+18 0.605635 0.247791 0.146574
1.5413e+18 0.605553 0.247732 0.146715
1.5384e+18 0.605494 0.247689 0.146817
1.5355e+18 0.605447 0.247655 0.146898
1.5326e+18 0.605409 0.247628 0.146964
1.5297e+18 0.605376 0.247605 0.147019
1.5268e+18 0.605348 0.247587 0.147065
1.5239e+18 0.605324 0.247572 0.147104
1.521e+18 0.605302 0.24756 0.147138
1.5181e+18 0.605284 0.24755 0.147166
1.5152e+18 0.605268 0.247543 0.147189
1.5123e+18 0.605254 0.247537 0.147209
1.5094e+18 0.605242 0.247534 0.147224
1.5065e+18 0.605232 0.247532 0.147236
1.5036e+18 0.605223 0.247532 0.147245
1.5007e+18 0.605216 0.247533 0.147251
1.4978e+18 0.60521 0.247536 0.147254
1.4949e+18 0.605205 0.24754 0.147255
1.492e+18 0.605202 0.247546 0.147252
1.4891e+18 0.6052 0.247552 0.147248
1.4862e+18 0.605199 0.24756 0.147241
1.4833e+18 0.605199 0.247569 0.147232
1.4804e+18 0.6052 0.247579 0.147221
1.4775e+18 0.605202 0.24759 0.147208
1.4746e+18 0.605205 0.247602 0.147192
1.4717e+18 0.605209 0.247616 0.147175
1.4688e+18 0.605214 0.24763 0.147156
1.4659e+18 0.60522 0.247645 0.147136
1.463e+18 0.605226 0.247661 0.147113
1.4601e+18 0.605234 0.247678 0.147089
1.4572e+18 0.605242 0.247695 0.147063
1.4543e+18 0.605251 0.247714 0.147035
1.4514e+18 0.605261 0.247733 0.147006
1.4485e+18 0.605271 0.247754 0.146975
1.4456e+18 0.605283 0.247775 0.146943
1.4427e+18 0.605295 0.247797 0.146909
1.4398e+18 0.605307 0.247819 0.146873
1.4369e+18 0.605321 0.247843 0.146837
1.434e+18 0.605335 0.247867 0.146798
1.4311e+18 0.60535 0.247892 0.146758
1.4282e+18 0.605366 0.247917 0.146717
1.4253e+18 0.605382 0.247944 0.146675
1.4224e+18 0.605399 0.247971 0.146631
1.4195e+18 0.605416 0.247998 0.146585
1.4166e+18 0.605434 0.248027 0.146539
1.4137e+18 0.605453 0.248056 0.146491
1.4108e+18 0.605473 0.248086 0.146441
1.4079e+18 0.605493 0.248116 0.146391
1.405e+18 0.605514 0.248148 0.146339
1.4021e+18 0.605535 0.248179 0.146285
1.3992e+18 0.605557 0.248212 0.146231
1.3963e+18 0.60558 0.248245 0.146175
1.3934e+18 0.605603 0.248279 0.146118
1.3905e+18 0.605579 0.248243 0.146178
1.3876e+18 0.605523 0.248195 0.146282
1.3847e+18 0.605426 0.248131 0.146444
1.3818e+18 0.605361 0.248092 0.146546
1.3789e+18 0.605313 0.248066 0.146621
1.376e+18 0.605274 0.248047 0.146679
1.3731e+18 0.605243 0.248034 0.146723
1.3702e+18 0.605216 0.248026 0.146758
1.3673e+18 0.605194 0.248022 0.146784
1.3644e+18 0.605176 0.248021 0.146804
1.3615e+18 0.60516 0.248022 0.146818
1.3586e+18 0.605148 0.248026 0.146826
1.3557e+18 0.605137 0.248032 0.14683
1.3528e+18 0.605129 0.24804 0.14683
1.3499e+18 0.605123 0.24805 0.146826
1.347e+18 0.605119 0.248062 0.146819
1.3441e+18 0.605116 0.248076 0.146808
1.3412e+18 0.605115 0.24809 0.146794
1.3383e+18 0.605116 0.248107 0.146777
1.3354e+18 0.605118 0.248124 0.146758
1.3325e+18 0.605121 0.248143 0.146736
1.3296e+18 0.605126 0.248163 0.146711
1.3267e+18 0.605069 0.248155 0.146777
1.3238e+18 0.605011 0.248147 0.146843
1.3209e+18 0.604969 0.248147 0.146884
1.318e+18 0.604937 0.248152 0.146911
1.3151e+18 0.60491 0.24816 0.146929
1.3122e+18 0.604816 0.248081 0.147103
1.3093e+18 0.604751 0.248036 0.147213
1.3064e+18 0.604699 0.248004 0.147296
1.3035e+18 0.604656 0.247982 0.147363
1.3006e+18 0.604618 0.247965 0.147417
1.2977e+18 0.604585 0.247953 0.147462
1.2948e+18 0.604556 0.247945 0.147499
1.2919e+18 0.604531 0.24794 0.147529
1.289e+18 0.604508 0.247938 0.147554
1.2861e+18 0.604488 0.247938 0.147574
1.2832e+18 0.604471 0.247941 0.147588
1.2803e+18 0.604455 0.247946 0.147599
1.2774e+18 0.604442 0.247953 0.147606
1.2745e+18 0.60443 0.247961 0.147608
1.2716e+18 0.604421 0.247971 0.147608
1.2687e+18 0.604413 0.247983 0.147604
1.2658e+18 0.604407 0.247997 0.147596
1.2629e+18 0.604402 0.248012 0.147586
1.26e+18 0.604334 0.247989 0.147677
1.2571e+18 0.604285 0.247977 0.147738
1.2542e+18 0.604247 0.247974 0.147779
1.2513e+18 0.604216 0.247975 0.14781
1.2484e+18 0.604189 0.247979 0.147832
1.2455e+18 0.604166 0.247986 0.147848
1.2426e+18 0.604147 0.247995 0.147858
1.2397e+18 0.60413 0.248006 0.147864
1.2368e+18 0.604115 0.24802 0.147865
1.2339e+18 0.604103 0.248034 0.147863
1.231e+18 0.604092 0.248051 0.147856
1.2281e+18 0.604084 0.248069 0.147847
1.2252e+18 0.604077 0.248089 0.147834
1.2223e+18 0.604072 0.24811 0.147818
1.2194e+18 0.604069 0.248132 0.147799
1.2165e+18 0.604067 0.248155 0.147778
1.2136e+18 0.604067 0.24818 0.147753
1.2107e+18 0.604068 0.248206 0.147727
1.2078e+18 0.60407 0.248233 0.147697
1.2049e+18 0.604074 0.248261 0.147665
1.202e+18 0.604079 0.24829 0.147631
1.1991e+18 0.604085 0.24832 0.147595
1.1962e+18 0.604018 0.248262 0.14772
1.1933e+18 0.603898 0.24819 0.147912
1.1904e+18 0.603814 0.248146 0.14804
1.1875e+18 0.603751 0.248118 0.148131
1.1846e+18 0.603699 0.2481 0.148201
1.1817e+18 0.603655 0.248088 0.148257
1.1788e+18 0.603617 0.248081 0.148301
1.1759e+18 0.603584 0.248079 0.148337
1.173e+18 0.603556 0.24808 0.148365
1.1701e+18 0.60353 0.248083 0.148386
1.1672e+18 0.603508 0.24809 0.148402
1.1643e+18 0.603489 0.248099 0.148412
1.1614e+18 0.603472 0.24811 0.148418
1.1585e+18 0.603458 0.248124 0.148419
1.1556e+18 0.603446 0.248139 0.148415
1.1527e+18 0.603436 0.248156 0.148408
1.1498e+18 0.603428 0.248175 0.148398
1.1469e+18 0.603422 0.248195 0.148383
1.144e+18 0.603417 0.248217 0.148366
1.1411e+18 0.603415 0.248241 0.148345
1.1382e+18 0.603356 0.248196 0.148449
1.1353e+18 0.60331 0.248166 0.148525
1.1324e+18 0.603276 0.24815 0.148574
1.1295e+18 0.603249 0.248143 0.148608
1.1266e+18 0.603228 0.248141 0.148631
1.1237e+18 0.60321 0.248143 0.148647
1.1208e+18 0.603196 0.248149 0.148655
1.1179e+18 0.603184 0.248158 0.148658
1.115e+18 0.603175 0.248169 0.148656
1.1121e+18 0.603168 0.248183 0.148648
1.1092e+18 0.603164 0.248199 0.148637
1.1063e+18 0.603161 0.248217 0.148621
1.1034e+18 0.603161 0.248237 0.148602
1.1005e+18 0.603109 0.248227 0.148664
1.0976e+18 0.603054 0.248216 0.14873
1.0947e+18 0.603016 0.248216 0.148768
1.0918e+18 0.602987 0.248221 0.148791
1.0889e+18 0.602964 0.248231 0.148805
1.086e+18 0.602958 0.248243 0.148799
1.0831e+18 0.603096 0.248244 0.148661
1.0802e+18 0.60317 0.248253 0.148577
1.0773e+18 0.603228 0.248267 0.148505
1.0744e+18 0.603278 0.248283 0.148438
1.0715e+18 0.603324 0.248302 0.148374
1.0686e+18 0.603367 0.248324 0.148309
1.0657e+18 0.603408 0.248348 0.148244
1.0628e+18 0.603448 0.248373 0.148179
1.0599e+18 0.603487 0.248401 0.148112
1.057e+18 0.603461 0.248404 0.148135
1.0541e+18 0.603435 0.248408 0.148157
1.0512e+18 0.603382 0.248352 0.148266
1.0483e+18 0.603336 0.248299 0.148365
1.0454e+18 0.603309 0.248269 0.148423
1.0425e+18 0.603291 0.248251 0.148458
1.0396e+18 0.603279 0.248241 0.14848
1.0367e+18 0.603272 0.248237 0.148491
1.0338e+18 0.603269 0.248238 0.148493
1.0309e+18 0.603269 0.248243 0.148488
1.028e+18 0.603271 0.248252 0.148477
1.0251e+18 0.603349 0.248255 0.148396
1.0222e+18 0.603462 0.248257 0.14828
1.0193e+18 0.603573 0.248263 0.148164
1.0164e+18 0.603665 0.248273 0.148062
1.0135e+18 0.603747 0.248287 0.147965
1.0106e+18 0.603736 0.24828 0.147984
1.0077e+18 0.603736 0.248195 0.148069
1.0048e+18 0.603751 0.248131 0.148118
1.0019e+18 0.60377 0.248092 0.148138
9.99e+17 0.603792 0.248065 0.148143
9.961e+17 0.603816 0.248046 0.148138
9.932e+17 0.603842 0.248034 0.148124
9.903e+17 0.60387 0.248027 0.148103
9.874e+17 0.603898 0.248025 0.148077
9.845e+17 0.603928 0.248026 0.148046
9.816e+17 0.603959 0.248031 0.14801
9.787e+17 0.603991 0.248039 0.14797
9.758e+17 0.604025 0.24805 0.147925
9.729e+17 0.604059 0.248064 0.147877
9.7e+17 0.604094 0.24808 0.147826
9.671e+17 0.604066 0.248076 0.147858
9.642e+17 0.60403 0.248071 0.147899
9.613e+17 0.604016 0.248076 0.147908
9.584e+17 0.604013 0.248085 0.147902
9.555e+17 0.604017 0.248099 0.147884
9.526e+17 0.604025 0.248116 0.147858
9.497e+17 0.604038 0.248136 0.147826
9.468e+17 0.604054 0.248159 0.147787
9.439e+17 0.604072 0.248184 0.147744
9.41e+17 0.604065 0.248136 0.147799
9.381e+17 0.604062 0.248101 0.147837
9.352e+17 0.604068 0.248085 0.147847
9.323e+17 0.604079 0.248079 0.147842
9.294e+17 0.604093 0.248081 0.147826
9.265e+17 0.60411 0.248087 0.147802
9.236e+17 0.60413 0.248098 0.147772
9.207e+17 0.604151 0.248113 0.147736
9.178e+17 0.604175 0.248131 0.147694
9.149e+17 0.604201 0.248152 0.147647
9.12e+17 0.604229 0.248176 0.147595
9.091e+17 0.604258 0.248203 0.14754
9.062e+17 0.60428 0.248211 0.147509
9.033e+17 0.604278 0.248165 0.147557
9.004e+17 0.604365 0.248122 0.147513
8.975e+17 0.604384 0.24807 0.147546
8.946e+17 0.604417 0.248044 0.147539
8.917e+17 0.604452 0.24803 0.147519
8.888e+17 0.604488 0.248024 0.147489
8.859e+17 0.604525 0.248024 0.147451
8.83e+17 0.604563 0.248029 0.147408
8.801e+17 0.604602 0.248039 0.147359
8.772e+17 0.604643 0.248053 0.147304
8.743e+17 0.604684 0.24807 0.147245
8.714e+17 0.60471 0.248085 0.147206
8.685e+17 0.604659 0.248074 0.147268
8.656e+17 0.604648 0.24808 0.147272
8.627e+17 0.604651 0.248093 0.147256
8.598e+17 0.604662 0.248111 0.147228
8.569e+17 0.604677 0.248133 0.14719
8.54e+17 0.604698 0.248158 0.147145
8.511e+17 0.604694 0.248126 0.14718
8.482e+17 0.60469 0.248091 0.147218
8.453e+17 0.604698 0.248079 0.147223
8.424e+17 0.604712 0.248078 0.14721
8.395e+17 0.604705 0.248073 0.147222
8.366e+17 0.604653 0.248051 0.147296
8.337e+17 0.604633 0.248047 0.14732
8.308e+17 0.604624 0.248051 0.147325
8.279e+17 0.604623 0.248062 0.147315
8.25e+17 0.604627 0.248077 0.147296
8.221e+17 0.604607 0.24804 0.147353
8.192e+17 0.604589 0.248002 0.147409
8.163e+17 0.604583 0.247987 0.14743
8.134e+17 0.604585 0.247982 0.147434
8.105e+17 0.604552 0.247967 0.14748
8.076e+17 0.604494 0.247945 0.147561
8.047e+17 0.604463 0.247939 0.147598
8.018e+17 0.604444 0.247941 0.147615
7.989e+17 0.604433 0.247949 0.147618
7.96e+17 0.604428 0.247962 0.14761
7.931e+17 0.604429 0.247979 0.147592
7.902e+17 0.604433 0.248001 0.147566
7.873e+17 0.604442 0.248026 0.147532
7.844e+17 0.604454 0.248055 0.147491
7.815e+17 0.604469 0.248087 0.147444
7.786e+17 0.604487 0.248121 0.147391
7.757e+17 0.604474 0.248101 0.147425
7.728e+17 0.604463 0.248081 0.147456
7.699e+17 0.604465 0.248082 0.147453
7.67e+17 0.604473 0.248093 0.147433
7.641e+17 0.604487 0.248112 0.147402
7.612e+17 0.604426 0.248097 0.147477
7.583e+17 0.604396 0.248101 0.147503
7.554e+17 0.604382 0.248116 0.147502
7.525e+17 0.604378 0.248137 0.147485
7.496e+17 0.604327 0.248077 0.147596
7.467e+17 0.604305 0.248062 0.147632
7.438e+17 0.604289 0.248058 0.147652
7.409e+17 0.604199 0.248026 0.147775
7.38e+17 0.604156 0.24802 0.147825
7.351e+17 0.604127 0.248024 0.147849
7.322e+17 0.604108 0.248035 0.147856
7.293e+17 0.604097 0.248053 0.14785
7.264e+17 0.604091 0.248076 0.147833
7.235e+17 0.604091 0.248103 0.147806
7.206e+17 0.604074 0.248123 0.147802
7.177e+17 0.604022 0.248127 0.14785
7.148e+17 0.603998 0.248147 0.147855
7.119e+17 0.603942 0.248114 0.147944
7.09e+17 0.603895 0.248088 0.148016
7.061e+17 0.603867 0.248085 0.148048
7.032e+17 0.60385 0.248093 0.148057
7.003e+17 0.603837 0.248108 0.148055
6.974e+17 0.603756 0.248092 0.148152
6.945e+17 0.603717 0.2481 0.148183
6.916e+17 0.60366 0.248074 0.148266
6.887e+17 0.603637 0.248033 0.148329
6.858e+17 0.603727 0.248008 0.148265
6.829e+17 0.603769 0.248002 0.148229
6.8e+17 0.603803 0.248008 0.148189
6.771e+17 0.603835 0.248021 0.148144
6.742e+17 0.603867 0.248041 0.148091
6.713e+17 0.603901 0.248067 0.148032
6.684e+17 0.603936 0.248098 0.147966
6.655e+17 0.603973 0.248134 0.147893
6.626e+17 0.603964 0.248152 0.147884
6.597e+17 0.603949 0.24817 0.147881
6.568e+17 0.603898 0.248109 0.147993
6.539e+17 0.603885 0.248101 0.148014
6.51e+17 0.603886 0.248109 0.148005
6.481e+17 0.603867 0.248115 0.148018
6.452e+17 0.603815 0.24811 0.148074
6.423e+17 0.603795 0.248124 0.148081
6.394e+17 0.603735 0.248066 0.148198
6.365e+17 0.603708 0.248053 0.148239
6.336e+17 0.603695 0.248056 0.14825
6.307e+17 0.603656 0.248051 0.148293
6.278e+17 0.603606 0.248044 0.14835
6.249e+17 0.603581 0.248054 0.148365
6.22e+17 0.603568 0.248074 0.148358
6.191e+17 0.603563 0.248102 0.148335
6.162e+17 0.603566 0.248135 0.148299
6.133e+17 0.603513 0.24814 0.148347
6.104e+17 0.603568 0.24806 0.148372
6.075e+17 0.603594 0.248044 0.148362
6.046e+17 0.603618 0.248047 0.148335
6.017e+17 0.603645 0.248061 0.148294
5.988e+17 0.603675 0.248084 0.148241
5.959e+17 0.603665 0.248037 0.148298
5.93e+17 0.603676 0.248032 0.148293
5.901e+17 0.603696 0.248042 0.148262
5.872e+17 0.603722 0.248063 0.148215
5.843e+17 0.603674 0.248054 0.148272
5.814e+17 0.603668 0.248071 0.148261
5.785e+17 0.603676 0.248098 0.148225
5.756e+17 0.603694 0.248134 0.148172
5.727e+17 0.603629 0.248108 0.148263
5.698e+17 0.603573 0.248075 0.148352
5.669e+17 0.60355 0.248076 0.148374
5.64e+17 0.603543 0.248092 0.148365
5.611e+17 0.603546 0.248119 0.148335
5.582e+17 0.603442 0.248053 0.148505
5.553e+17 0.603394 0.248032 0.148575
5.524e+17 0.603368 0.248033 0.148598
5.495e+17 0.603357 0.248049 0.148594
5.466e+17 0.603294 0.248044 0.148661
5.437e+17 0.603262 0.248059 0.148678
5.408e+17 0.603247 0.248087 0.148665
5.379e+17 0.603232 0.248108 0.14866
5.35e+17 0.603186 0.248081 0.148732
5.321e+17 0.603171 0.248094 0.148735
5.292e+17 0.603169 0.248121 0.148709
5.263e+17 0.603167 0.248154 0.148679
5.234e+17 0.60306 0.248089 0.148851
5.205e+17 0.60302 0.248085 0.148895
5.176e+17 0.603 0.248101 0.148899
5.147e+17 0.602929 0.248096 0.148975
5.118e+17 0.602895 0.248116 0.148988
5.089e+17 0.602899 0.248148 0.148953
5.06e+17 0.602995 0.248145 0.14886
5.031e+17 0.602953 0.248096 0.148951
5.002e+17 0.603037 0.248087 0.148876
4.973e+17 0.603151 0.248095 0.148754
4.944e+17 0.603192 0.248036 0.148772
4.915e+17 0.603192 0.248006 0.148802
4.886e+17 0.603221 0.248006 0.148773
4.857e+17 0.60326 0.248023 0.148717
4.828e+17 0.603307 0.248053 0.14864
4.799e+17 0.603359 0.248093 0.148547
4.77e+17 0.603383 0.248066 0.148551
4.741e+17 0.603358 0.248055 0.148588
4.712e+17 0.603366 0.248071 0.148563
4.683e+17 0.603362 0.248042 0.148596
4.654e+17 0.603299 0.248012 0.148689
4.625e+17 0.603411 0.248007 0.148582
4.596e+17 0.603476 0.248027 0.148498
4.567e+17 0.603483 0.248038 0.14848
4.538e+17 0.603483 0.248014 0.148503
4.509e+17 0.6035 0.248009 0.148491
4.48e+17 0.603472 0.248004 0.148524
4.451e+17 0.603445 0.247967 0.148587
4.422e+17 0.603445 0.247961 0.148594
4.393e+17 0.603464 0.24798 0.148556
4.364e+17 0.603495 0.248015 0.14849
4.335e+17 0.603494 0.248044 0.148462
4.306e+17 0.603458 0.248015 0.148526
4.277e+17 0.603447 0.248023 0.14853
4.248e+17 0.603396 0.248013 0.148591
4.219e+17 0.60336 0.247988 0.148652
4.19e+17 0.603316 0.247984 0.148699
4.161e+17 0.603291 0.248001 0.148708
4.132e+17 0.603292 0.248039 0.148669
4.103e+17 0.603199 0.247995 0.148805
4.074e+17 0.603171 0.248005 0.148823
4.045e+17 0.603146 0.248005 0.148849
4.016e+17 0.603144 0.248007 0.148849
3.987e+17 0.603202 0.248003 0.148795
3.958e+17 0.603237 0.24803 0.148733
3.929e+17 0.603208 0.248015 0.148777
3.9e+17 0.603194 0.248011 0.148795
3.871e+17 0.603164 0.248005 0.148832
3.842e+17 0.603117 0.247979 0.148904
3.813e+17 0.603083 0.247984 0.148933
3.784e+17 0.603056 0.248006 0.148937
3.755e+17 0.603028 0.248004 0.148968
3.726e+17 0.603118 0.248014 0.148868
3.697e+17 0.603126 0.247988 0.148886
3.668e+17 0.603134 0.247989 0.148877
3.639e+17 0.603111 0.247998 0.14889
3.61e+17 0.60311 0.248014 0.148876
3.581e+17 0.603058 0.247994 0.148948
3.552e+17 0.603032 0.247988 0.14898
3.523e+17 0.602961 0.247966 0.149073
3.494e+17 0.602952 0.247995 0.149053
3.465e+17 0.60295 0.248021 0.14903
3.436e+17 0.602898 0.248016 0.149086
3.407e+17 0.602834 0.247998 0.149168
3.378e+17 0.602786 0.248003 0.149212
3.349e+17 0.602739 0.248024 0.149237
3.32e+17 0.602729 0.248014 0.149257
3.291e+17 0.602838 0.247984 0.149177
3.262e+17 0.60292 0.247966 0.149114
3.233e+17 0.603001 0.248 0.148998
3.204e+17 0.602998 0.247986 0.149016
3.175e+17 0.602985 0.247985 0.14903
3.146e+17 0.602961 0.247959 0.14908
3.117e+17 0.603028 0.247973 0.148999
3.088e+17 0.603032 0.247948 0.14902
3.059e+17 0.603057 0.247944 0.148998
3.03e+17 0.603071 0.24795 0.148979
3.001e+17 0.603084 0.247984 0.148932
2.972e+17 0.603042 0.247963 0.148995
2.943e+17 0.60299 0.247937 0.149073
2.914e+17 0.602952 0.247949 0.149099
2.885e+17 0.602928 0.247955 0.149117
2.856e+17 0.602892 0.247953 0.149154
2.827e+17 0.602874 0.247958 0.149167
2.798e+17 0.602909 0.247959 0.149132
2.769e+17 0.602885 0.247947 0.149168
2.74e+17 0.602842 0.247943 0.149215
2.711e+17 0.602846 0.247967 0.149187
2.682e+17 0.602853 0.247947 0.149199
2.653e+17 0.602866 0.247955 0.149179
2.624e+17 0.602836 0.247948 0.149217
2.595e+17 0.602788 0.247931 0.149281
2.566e+17 0.602784 0.247967 0.149249
2.537e+17 0.602728 0.247963 0.149309
2.508e+17 0.60266 0.247949 0.149391
2.479e+17 0.602594 0.247954 0.149453
2.45e+17 0.602749 0.24794 0.149312
2.421e+17 0.602795 0.247958 0.149247
2.392e+17 0.60278 0.247925 0.149294
2.363e+17 0.602762 0.247932 0.149306
2.334e+17 0.602859 0.24794 0.149202
2.305e+17 0.602845 0.247924 0.149231
2.276e+17 0.602826 0.247926 0.149248
2.247e+17 0.602786 0.247917 0.149297
2.218e+17 0.602767 0.247934 0.149299
2.189e+17 0.602712 0.247932 0.149356
2.16e+17 0.602715 0.247912 0.149373
2.131e+17 0.602718 0.247935 0.149347
2.102e+17 0.602679 0.247917 0.149405
2.073e+17 0.602686 0.247912 0.149402
2.044e+17 0.602674 0.247915 0.14941
2.015e+17 0.602639 0.24793 0.149431
1.986e+17 0.602565 0.247928 0.149507
1.957e+17 0.602628 0.247913 0.149459
1.928e+17 0.602667 0.247911 0.149422
1.899e+17 0.60267 0.24792 0.149411
1.87e+17 0.602707 0.247896 0.149397
1.841e+17 0.602681 0.247887 0.149433
1.812e+17 0.602672 0.247906 0.149422
1.783e+17 0.602603 0.247905 0.149491
1.754e+17 0.602624 0.247902 0.149474
1.725e+17 0.602574 0.247896 0.14953
1.696e+17 0.602596 0.247892 0.149512
1.667e+17 0.602547 0.247893 0.14956
1.638e+17 0.602519 0.247906 0.149575
1.609e+17 0.602578 0.24789 0.149531
1.58e+17 0.602596 0.247892 0.149512
1.551e+17 0.602606 0.247878 0.149516
1.522e+17 0.60257 0.247877 0.149552
1.493e+17 0.602554 0.24788 0.149566
1.464e+17 0.60251 0.24788 0.14961
1.435e+17 0.602524 0.247888 0.149589
1.406e+17 0.602466 0.247888 0.149646
1.377e+17 0.60253 0.247872 0.149598
1.348e+17 0.602543 0.247872 0.149585
1.319e+17 0.602525 0.247869 0.149606
1.29e+17 0.602504 0.247875 0.149621
1.261e+17 0.602483 0.247867 0.14965
1.232e+17 0.602441 0.247872 0.149687
1.203e+17 0.602485 0.247865 0.14965
1.174e+17 0.602497 0.247857 0.149647
1.145e+17 0.602449 0.24786 0.149692
1.116e+17 0.602441 0.247856 0.149702
1.087e+17 0.602411 0.247855 0.149734
1.058e+17 0.602444 0.247857 0.149698
1.029e+17 0.602434 0.247854 0.149712
