3e+18 0.647648 0.144703 0.207649
2.9971e+18 0.64766 0.144734 0.207606
2.9942e+18 0.64766 0.144757 0.20758
2.9913e+18 0.647627 0.144757 0.207616
2.9884e+18 0.647597 0.14476 0.207643
2.9855e+18 0.647571 0.144765 0.207664
2.9826e+18 0.647547 0.144772 0.207682
2.9797e+18 0.647525 0.14478 0.207696
2.9768e+18 0.647504 0.144789 0.207706
2.9739e+18 0.647486 0.1448 0.207714
2.971e+18 0.647468 0.144811 0.20772
2.9681e+18 0.647453 0.144824 0.207723
2.9652e+18 0.647438 0.144837 0.207725
2.9623e+18 0.647424 0.144852 0.207724
2.9594e+18 0.647411 0.144867 0.207722
2.9565e+18 0.647399 0.144882 0.207718
2.9536e+18 0.647388 0.144899 0.207713
2.9507e+18 0.647378 0.144916 0.207706
2.9478e+18 0.647369 0.144933 0.207698
2.9449e+18 0.64736 0.144951 0.207689
2.942e+18 0.647352 0.14497 0.207678
2.9391e+18 0.647344 0.144989 0.207666
2.9362e+18 0.647337 0.145009 0.207654
2.9333e+18 0.647331 0.145029 0.20764
2.9304e+18 0.647325 0.14505 0.207625
2.9275e+18 0.64732 0.145071 0.207609
2.9246e+18 0.647316 0.145092 0.207592
2.9217e+18 0.647312 0.145114 0.207574
2.9188e+18 0.647308 0.145136 0.207556
2.9159e+18 0.647305 0.145159 0.207536
2.913e+18 0.647302 0.145182 0.207516
2.9101e+18 0.6473 0.145205 0.207495
2.9072e+18 0.647298 0.145229 0.207473
2.9043e+18 0.647297 0.145253 0.20745
2.9014e+18 0.647296 0.145278 0.207426
2.8985e+18 0.647295 0.145302 0.207402
2.8956e+18 0.647295 0.145328 0.207377
2.8927e+18 0.647296 0.145353 0.207351
2.8898e+18 0.647296 0.145379 0.207325
2.8869e+18 0.647297 0.145405 0.207298
2.884e+18 0.647299 0.145431 0.20727
2.8811e+18 0.6473 0.145458 0.207242
2.8782e+18 0.647303 0.145485 0.207212
2.8753e+18 0.647305 0.145512 0.207183
2.8724e+18 0.647308 0.14554 0.207152
2.8695e+18 0.647311 0.145568 0.207121
2.8666e+18 0.647314 0.145596 0.20709
2.8637e+18 0.647318 0.145625 0.207057
2.8608e+18 0.647322 0.145653 0.207024
2.8579e+18 0.647275 0.145678 0.20702
2.855e+18 0.647303 0.145689 0.207008
2.8521e+18 0.647283 0.145699 0.207018
2.8492e+18 0.647265 0.145711 0.207024
2.8463e+18 0.647241 0.145711 0.20705
2.8434e+18 0.647144 0.145602 0.207255
2.8405e+18 0.647061 0.145511 0.207427
2.8376e+18 0.646988 0.145434 0.207578
2.8347e+18 0.646922 0.145366 0.207711
2.8318e+18 0.646862 0.145306 0.207833
2.8289e+18 0.646806 0.145251 0.207943
2.826e+18 0.646753 0.145202 0.208045
2.8231e+18 0.646704 0.145157 0.208139
2.8202e+18 0.646657 0.145116 0.208227
2.8173e+18 0.646613 0.145078 0.208309
2.8144e+18 0.646571 0.145043 0.208386
2.8115e+18 0.646531 0.14501 0.208458
2.8086e+18 0.646493 0.14498 0.208527
2.8057e+18 0.646457 0.144952 0.208591
2.8028e+18 0.646422 0.144927 0.208652
2.7999e+18 0.646388 0.144903 0.208709
2.797e+18 0.646356 0.14488 0.208764
2.7941e+18 0.646324 0.14486 0.208816
2.7912e+18 0.646294 0.144841 0.208865
2.7883e+18 0.646265 0.144823 0.208911
2.7854e+18 0.646238 0.144807 0.208956
2.7825e+18 0.64621 0.144792 0.208998
2.7796e+18 0.646184 0.144778 0.209037
2.7767e+18 0.646159 0.144765 0.209075
2.7738e+18 0.646135 0.144754 0.209111
2.7709e+18 0.646112 0.144743 0.209145
2.768e+18 0.646089 0.144734 0.209177
2.7651e+18 0.646067 0.144725 0.209208
2.7622e+18 0.646046 0.144718 0.209237
2.7593e+18 0.646025 0.144711 0.209264
2.7564e+18 0.646005 0.144705 0.20929
2.7535e+18 0.645986 0.1447 0.209314
2.7506e+18 0.645968 0.144696 0.209337
2.7477e+18 0.64595 0.144692 0.209358
2.7448e+18 0.645932 0.14469 0.209378
2.7419e+18 0.645915 0.144688 0.209397
2.739e+18 0.645899 0.144687 0.209414
2.7361e+18 0.645884 0.144686 0.20943
2.7332e+18 0.645869 0.144686 0.209445
2.7303e+18 0.645854 0.144687 0.209459
2.7274e+18 0.64584 0.144689 0.209471
2.7245e+18 0.645826 0.144691 0.209483
2.7216e+18 0.645813 0.144694 0.209493
2.7187e+18 0.645801 0.144697 0.209502
2.7158e+18 0.645789 0.144701 0.209511
2.7129e+18 0.645777 0.144705 0.209518
2.71e+18 0.645766 0.14471 0.209524
2.7071e+18 0.645755 0.144716 0.209529
2.7042e+18 0.645745 0.144722 0.209533
2.7013e+18 0.645735 0.144729 0.209536
2.6984e+18 0.645725 0.144736 0.209539
2.6955e+18 0.645716 0.144744 0.20954
2.6926e+18 0.645708 0.144752 0.20954
2.6897e+18 0.645699 0.144761 0.20954
2.6868e+18 0.645692 0.14477 0.209538
2.6839e+18 0.645684 0.14478 0.209536
2.681e+18 0.645677 0.14479 0.209533
2.6781e+18 0.645671 0.144801 0.209528
2.6752e+18 0.645664 0.144812 0.209524
2.6723e+18 0.645659 0.144824 0.209518
2.6694e+18 0.645653 0.144836 0.209511
2.6665e+18 0.645648 0.144848 0.209504
2.6636e+18 0.645643 0.144861 0.209496
2.6607e+18 0.645639 0.144874 0.209487
2.6578e+18 0.645635 0.144888 0.209477
2.6549e+18 0.645631 0.144902 0.209466
2.652e+18 0.645628 0.144917 0.209455
2.6491e+18 0.645625 0.144932 0.209443
2.6462e+18 0.645622 0.144947 0.20943
2.6433e+18 0.64562 0.144963 0.209417
2.6404e+18 0.645618 0.14498 0.209403
2.6375e+18 0.645616 0.144996 0.209388
2.6346e+18 0.645615 0.145013 0.209372
2.6317e+18 0.645614 0.145031 0.209355
2.6288e+18 0.645613 0.145048 0.209338
2.6259e+18 0.645613 0.145067 0.20932
2.623e+18 0.645613 0.145085 0.209302
2.6201e+18 0.645613 0.145104 0.209283
2.6172e+18 0.645614 0.145123 0.209263
2.6143e+18 0.645615 0.145143 0.209242
2.6114e+18 0.645616 0.145163 0.209221
2.6085e+18 0.645617 0.145183 0.209199
2.6056e+18 0.645619 0.145204 0.209177
2.6027e+18 0.645621 0.145225 0.209153
2.5998e+18 0.645624 0.145247 0.209129
2.5969e+18 0.645627 0.145268 0.209105
2.594e+18 0.64563 0.145291 0.20908
2.5911e+18 0.645633 0.145313 0.209054
2.5882e+18 0.645637 0.145336 0.209028
2.5853e+18 0.645641 0.145359 0.209001
2.5824e+18 0.645645 0.145382 0.208973
2.5795e+18 0.645642 0.145392 0.208967
2.5766e+18 0.645596 0.145329 0.209075
2.5737e+18 0.645558 0.145278 0.209164
2.5708e+18 0.645525 0.145235 0.20924
2.5679e+18 0.645495 0.145199 0.209306
2.565e+18 0.645469 0.145167 0.209365
2.5621e+18 0.645444 0.145139 0.209417
2.5592e+18 0.645422 0.145114 0.209464
2.5563e+18 0.645401 0.145093 0.209507
2.5534e+18 0.645381 0.145073 0.209545
2.5505e+18 0.645363 0.145056 0.20958
2.5476e+18 0.645346 0.145041 0.209612
2.5447e+18 0.645331 0.145028 0.209641
2.5418e+18 0.645316 0.145017 0.209667
2.5389e+18 0.645302 0.145006 0.209691
2.536e+18 0.645289 0.144998 0.209713
2.5331e+18 0.645277 0.14499 0.209732
2.5302e+18 0.645266 0.144984 0.209749
2.5273e+18 0.645256 0.144979 0.209765
2.5244e+18 0.645246 0.144976 0.209779
2.5215e+18 0.645237 0.144973 0.209791
2.5186e+18 0.645228 0.144971 0.209801
2.5157e+18 0.64522 0.14497 0.20981
2.5128e+18 0.645213 0.14497 0.209817
2.5099e+18 0.645206 0.144971 0.209823
2.507e+18 0.6452 0.144973 0.209827
2.5041e+18 0.645194 0.144975 0.20983
2.5012e+18 0.645189 0.144978 0.209832
2.4983e+18 0.645185 0.144982 0.209833
2.4954e+18 0.64518 0.144987 0.209832
2.4925e+18 0.645177 0.144993 0.20983
2.4896e+18 0.645174 0.144999 0.209827
2.4867e+18 0.645171 0.145006 0.209823
2.4838e+18 0.645169 0.145013 0.209818
2.4809e+18 0.645167 0.145021 0.209812
2.478e+18 0.645165 0.14503 0.209805
2.4751e+18 0.645164 0.145039 0.209796
2.4722e+18 0.645164 0.145049 0.209787
2.4693e+18 0.645163 0.14506 0.209777
2.4664e+18 0.645164 0.145071 0.209765
2.4635e+18 0.645164 0.145082 0.209753
2.4606e+18 0.645165 0.145094 0.20974
2.4577e+18 0.645167 0.145107 0.209726
2.4548e+18 0.645168 0.14512 0.209711
2.4519e+18 0.645171 0.145134 0.209695
2.449e+18 0.645173 0.145148 0.209679
2.4461e+18 0.645176 0.145163 0.209661
2.4432e+18 0.645179 0.145178 0.209643
2.4403e+18 0.645183 0.145194 0.209623
2.4374e+18 0.645187 0.14521 0.209603
2.4345e+18 0.645191 0.145227 0.209582
2.4316e+18 0.645195 0.145244 0.20956
2.4287e+18 0.6452 0.145262 0.209538
2.4258e+18 0.645206 0.14528 0.209515
2.4229e+18 0.645211 0.145298 0.209491
2.42e+18 0.645217 0.145317 0.209466
2.4171e+18 0.645224 0.145336 0.20944
2.4142e+18 0.64523 0.145356 0.209414
2.4113e+18 0.645237 0.145376 0.209387
2.4084e+18 0.645244 0.145397 0.209359
2.4055e+18 0.645252 0.145418 0.20933
2.4026e+18 0.64526 0.14544 0.209301
2.3997e+18 0.645268 0.145461 0.209271
2.3968e+18 0.645276 0.145484 0.20924
2.3939e+18 0.645285 0.145506 0.209208
2.391e+18 0.645294 0.14553 0.209176
2.3881e+18 0.645304 0.145553 0.209143
2.3852e+18 0.645313 0.145577 0.20911
2.3823e+18 0.645323 0.145601 0.209075
2.3794e+18 0.645334 0.145626 0.20904
2.3765e+18 0.645344 0.145651 0.209005
2.3736e+18 0.645355 0.145676 0.208968
2.3707e+18 0.645367 0.145702 0.208931
2.3678e+18 0.645378 0.145728 0.208894
2.3649e+18 0.64539 0.145755 0.208855
2.362e+18 0.645402 0.145782 0.208816
2.3591e+18 0.645414 0.145809 0.208777
2.3562e+18 0.645427 0.145837 0.208736
2.3533e+18 0.64544 0.145865 0.208695
2.3504e+18 0.645453 0.145893 0.208654
2.3475e+18 0.645467 0.145922 0.208612
2.3446e+18 0.64548 0.145951 0.208569
2.3417e+18 0.645494 0.14598 0.208525
2.3388e+18 0.645509 0.14601 0.208481
2.3359e+18 0.645523 0.14604 0.208436
2.333e+18 0.645538 0.146071 0.208391
2.3301e+18 0.645554 0.146102 0.208345
2.3272e+18 0.645569 0.146133 0.208298
2.3243e+18 0.645585 0.146164 0.208251
2.3214e+18 0.645601 0.146196 0.208203
2.3185e+18 0.645617 0.146228 0.208155
2.3156e+18 0.645634 0.146261 0.208106
2.3127e+18 0.645651 0.146294 0.208056
2.3098e+18 0.645668 0.146327 0.208006
2.3069e+18 0.645685 0.14636 0.207955
2.304e+18 0.645703 0.146394 0.207903
2.3011e+18 0.645721 0.146428 0.207851
2.2982e+18 0.645739 0.146463 0.207798
2.2953e+18 0.645757 0.146498 0.207745
2.2924e+18 0.645776 0.146533 0.207691
2.2895e+18 0.645795 0.146568 0.207637
2.2866e+18 0.645814 0.146604 0.207582
2.2837e+18 0.645834 0.14664 0.207526
2.2808e+18 0.645854 0.146677 0.20747
2.2779e+18 0.645874 0.146713 0.207413
2.275e+18 0.645894 0.14675 0.207356
2.2721e+18 0.645914 0.146788 0.207298
2.2692e+18 0.645935 0.146825 0.207239
2.2663e+18 0.645956 0.146863 0.20718
2.2634e+18 0.645978 0.146902 0.207121
2.2605e+18 0.645999 0.14694 0.20706
2.2576e+18 0.646021 0.146979 0.206999
2.2547e+18 0.646043 0.147018 0.206938
2.2518e+18 0.646066 0.147058 0.206876
2.2489e+18 0.646089 0.147098 0.206814
2.246e+18 0.646111 0.147138 0.206751
2.2431e+18 0.646135 0.147178 0.206687
2.2402e+18 0.646158 0.147219 0.206623
2.2373e+18 0.646182 0.14726 0.206558
2.2344e+18 0.646206 0.147301 0.206493
2.2315e+18 0.64623 0.147343 0.206427
2.2286e+18 0.646254 0.147385 0.20636
2.2257e+18 0.646279 0.147427 0.206294
2.2228e+18 0.646304 0.14747 0.206226
2.2199e+18 0.646329 0.147513 0.206158
2.217e+18 0.646355 0.147556 0.206089
2.2141e+18 0.646381 0.147599 0.20602
2.2112e+18 0.646407 0.147643 0.20595
2.2083e+18 0.646433 0.147687 0.20588
2.2054e+18 0.64646 0.147731 0.205809
2.2025e+18 0.646486 0.147776 0.205738
2.1996e+18 0.646513 0.14782 0.205666
2.1967e+18 0.646541 0.147866 0.205594
2.1938e+18 0.646568 0.147911 0.205521
2.1909e+18 0.646596 0.147957 0.205447
2.188e+18 0.646624 0.148003 0.205373
2.1851e+18 0.646652 0.148049 0.205299
2.1822e+18 0.646681 0.148096 0.205224
2.1793e+18 0.64671 0.148142 0.205148
2.1764e+18 0.646739 0.14819 0.205072
2.1735e+18 0.646768 0.148237 0.204995
2.1706e+18 0.646798 0.148285 0.204918
2.1677e+18 0.646827 0.148333 0.20484
2.1648e+18 0.646858 0.148381 0.204761
2.1619e+18 0.646888 0.148429 0.204683
2.159e+18 0.646918 0.148478 0.204603
2.1561e+18 0.646949 0.148527 0.204523
2.1532e+18 0.64698 0.148577 0.204443
2.1503e+18 0.647012 0.148626 0.204362
2.1474e+18 0.647026 0.148664 0.204311
2.1445e+18 0.64699 0.148667 0.204343
2.1416e+18 0.646938 0.148644 0.204418
2.1387e+18 0.64682 0.148528 0.204652
2.1358e+18 0.646732 0.148446 0.204821
2.1329e+18 0.646662 0.148384 0.204954
2.13e+18 0.646603 0.148334 0.205063
2.1271e+18 0.646552 0.148294 0.205154
2.1242e+18 0.646507 0.148261 0.205231
2.1213e+18 0.646468 0.148235 0.205297
2.1184e+18 0.646434 0.148213 0.205354
2.1155e+18 0.646403 0.148195 0.205403
2.1126e+18 0.646375 0.148181 0.205444
2.1097e+18 0.64635 0.14817 0.20548
2.1068e+18 0.646328 0.148162 0.20551
2.1039e+18 0.646308 0.148156 0.205536
2.101e+18 0.64629 0.148153 0.205557
2.0981e+18 0.646274 0.148152 0.205574
2.0952e+18 0.64626 0.148153 0.205587
2.0923e+18 0.646247 0.148156 0.205597
2.0894e+18 0.646236 0.14816 0.205604
2.0865e+18 0.646226 0.148166 0.205608
2.0836e+18 0.646218 0.148174 0.205608
2.0807e+18 0.646211 0.148182 0.205607
2.0778e+18 0.646205 0.148193 0.205602
2.0749e+18 0.6462 0.148204 0.205595
2.072e+18 0.646147 0.148177 0.205676
2.0691e+18 0.646097 0.148152 0.205751
2.0662e+18 0.646054 0.148133 0.205812
2.0633e+18 0.646017 0.14812 0.205863
2.0604e+18 0.645984 0.14811 0.205907
2.0575e+18 0.645954 0.148103 0.205944
2.0546e+18 0.645926 0.148098 0.205975
2.0517e+18 0.645901 0.148096 0.206003
2.0488e+18 0.645879 0.148096 0.206026
2.0459e+18 0.645857 0.148097 0.206045
2.043e+18 0.645838 0.1481 0.206062
2.0401e+18 0.64582 0.148105 0.206075
2.0372e+18 0.645804 0.148111 0.206085
2.0343e+18 0.645789 0.148118 0.206093
2.0314e+18 0.645775 0.148127 0.206098
2.0285e+18 0.645763 0.148137 0.206101
2.0256e+18 0.645751 0.148148 0.206101
2.0227e+18 0.645741 0.14816 0.206099
2.0198e+18 0.645732 0.148173 0.206095
2.0169e+18 0.645724 0.148187 0.20609
2.014e+18 0.645716 0.148201 0.206081
2.0111e+18 0.645673 0.148185 0.206142
2.0082e+18 0.645638 0.148176 0.206186
2.0053e+18 0.645608 0.148171 0.206221
2.0024e+18 0.645581 0.14817 0.206249
1.9995e+18 0.645557 0.148171 0.206272
1.9966e+18 0.645535 0.148173 0.206291
1.9937e+18 0.645515 0.148178 0.206307
1.9908e+18 0.645496 0.148184 0.206319
1.9879e+18 0.645479 0.148192 0.206329
1.985e+18 0.645402 0.148114 0.206484
1.9821e+18 0.645319 0.148027 0.206654
1.9792e+18 0.64525 0.147958 0.206791
1.9763e+18 0.645189 0.147901 0.206909
1.9734e+18 0.645135 0.147853 0.207013
1.9705e+18 0.645085 0.14781 0.207105
1.9676e+18 0.645039 0.147773 0.207188
1.9647e+18 0.644996 0.14774 0.207264
1.9618e+18 0.644956 0.147711 0.207333
1.9589e+18 0.644918 0.147685 0.207397
1.956e+18 0.644883 0.147661 0.207456
1.9531e+18 0.64485 0.14764 0.20751
1.9502e+18 0.644818 0.147622 0.20756
1.9473e+18 0.644789 0.147606 0.207606
1.9444e+18 0.64476 0.147592 0.207648
1.9415e+18 0.644734 0.147579 0.207687
1.9386e+18 0.644708 0.147568 0.207723
1.9357e+18 0.644684 0.147559 0.207756
1.9328e+18 0.644662 0.147552 0.207786
1.9299e+18 0.64464 0.147546 0.207814
1.927e+18 0.64462 0.147541 0.207838
1.9241e+18 0.644601 0.147538 0.207861
1.9212e+18 0.644583 0.147536 0.207881
1.9183e+18 0.644566 0.147536 0.207899
1.9154e+18 0.644549 0.147536 0.207914
1.9125e+18 0.644534 0.147538 0.207928
1.9096e+18 0.64452 0.147541 0.207939
1.9067e+18 0.644507 0.147545 0.207949
1.9038e+18 0.644494 0.14755 0.207956
1.9009e+18 0.644483 0.147556 0.207962
1.898e+18 0.644472 0.147563 0.207965
1.8951e+18 0.644462 0.147571 0.207967
1.8922e+18 0.644453 0.14758 0.207967
1.8893e+18 0.644445 0.14759 0.207966
1.8864e+18 0.644437 0.1476 0.207963
1.8835e+18 0.64443 0.147612 0.207958
1.8806e+18 0.644424 0.147625 0.207951
1.8777e+18 0.644419 0.147638 0.207943
1.8748e+18 0.644414 0.147652 0.207933
1.8719e+18 0.64441 0.147667 0.207922
1.869e+18 0.644407 0.147683 0.207909
1.8661e+18 0.644405 0.1477 0.207895
1.8632e+18 0.644403 0.147717 0.20788
1.8603e+18 0.644402 0.147736 0.207862
1.8574e+18 0.644401 0.147755 0.207844
1.8545e+18 0.644401 0.147775 0.207824
1.8516e+18 0.644402 0.147795 0.207803
1.8487e+18 0.644404 0.147816 0.20778
1.8458e+18 0.644406 0.147838 0.207756
1.8429e+18 0.644409 0.147861 0.20773
1.84e+18 0.644412 0.147884 0.207704
1.8371e+18 0.644416 0.147909 0.207676
1.8342e+18 0.64442 0.147933 0.207646
1.8313e+18 0.644425 0.147959 0.207616
1.8284e+18 0.644431 0.147985 0.207584
1.8255e+18 0.644437 0.148012 0.207551
1.8226e+18 0.644444 0.148039 0.207516
1.8197e+18 0.644452 0.148067 0.207481
1.8168e+18 0.64446 0.148096 0.207444
1.8139e+18 0.644468 0.148126 0.207406
1.811e+18 0.644478 0.148156 0.207367
1.8081e+18 0.644487 0.148186 0.207326
1.8052e+18 0.644498 0.148218 0.207285
1.8023e+18 0.644508 0.14825 0.207242
1.7994e+18 0.64452 0.148282 0.207198
1.7965e+18 0.644532 0.148315 0.207153
1.7936e+18 0.644544 0.148349 0.207107
1.7907e+18 0.644557 0.148384 0.207059
1.7878e+18 0.644571 0.148419 0.207011
1.7849e+18 0.644585 0.148454 0.206961
1.782e+18 0.644599 0.14849 0.20691
1.7791e+18 0.644615 0.148527 0.206858
1.7762e+18 0.64463 0.148564 0.206805
1.7733e+18 0.644646 0.148602 0.206751
1.7704e+18 0.644663 0.148641 0.206696
1.7675e+18 0.64468 0.14868 0.20664
1.7646e+18 0.644698 0.148719 0.206583
1.7617e+18 0.644716 0.148759 0.206524
1.7588e+18 0.644735 0.1488 0.206465
1.7559e+18 0.644754 0.148841 0.206404
1.753e+18 0.644774 0.148883 0.206343
1.7501e+18 0.644794 0.148926 0.20628
1.7472e+18 0.644815 0.148968 0.206216
1.7443e+18 0.644836 0.149012 0.206152
1.7414e+18 0.644858 0.149056 0.206086
1.7385e+18 0.64488 0.1491 0.206019
1.7356e+18 0.644903 0.149145 0.205951
1.7327e+18 0.644926 0.149191 0.205883
1.7298e+18 0.64495 0.149237 0.205813
1.7269e+18 0.644974 0.149284 0.205742
1.724e+18 0.644939 0.149247 0.205815
1.7211e+18 0.644897 0.149201 0.205902
1.7182e+18 0.644868 0.149173 0.205959
1.7153e+18 0.644847 0.149157 0.205996
1.7124e+18 0.644831 0.149147 0.206021
1.7095e+18 0.64482 0.149144 0.206036
1.7066e+18 0.644812 0.149145 0.206043
1.7037e+18 0.644807 0.14915 0.206044
1.7008e+18 0.644804 0.149157 0.206039
1.6979e+18 0.644803 0.149168 0.206029
1.695e+18 0.644804 0.149181 0.206015
1.6921e+18 0.644807 0.149196 0.205997
1.6892e+18 0.644811 0.149213 0.205976
1.6863e+18 0.644816 0.149232 0.205951
1.6834e+18 0.644823 0.149253 0.205924
1.6805e+18 0.644831 0.149275 0.205894
1.6776e+18 0.64484 0.149299 0.205861
1.6747e+18 0.644851 0.149324 0.205825
1.6718e+18 0.644862 0.14935 0.205788
1.6689e+18 0.644874 0.149378 0.205748
1.666e+18 0.644865 0.14939 0.205745
1.6631e+18 0.644802 0.149363 0.205835
1.6602e+18 0.644758 0.149351 0.205891
1.6573e+18 0.644725 0.149346 0.205929
1.6544e+18 0.644698 0.149347 0.205954
1.6515e+18 0.644676 0.149353 0.205971
1.6486e+18 0.644659 0.149362 0.205979
1.6457e+18 0.644645 0.149373 0.205982
1.6428e+18 0.644633 0.149387 0.205979
1.6399e+18 0.644624 0.149404 0.205972
1.637e+18 0.644618 0.149422 0.20596
1.6341e+18 0.644613 0.149442 0.205945
1.6312e+18 0.64461 0.149464 0.205926
1.6283e+18 0.644609 0.149488 0.205903
1.6254e+18 0.644609 0.149513 0.205878
1.6225e+18 0.644611 0.149539 0.20585
1.6196e+18 0.644615 0.149567 0.205819
1.6167e+18 0.644591 0.149556 0.205853
1.6138e+18 0.644528 0.149488 0.205985
1.6109e+18 0.644721 0.149416 0.205864
1.608e+18 0.644812 0.149375 0.205813
1.6051e+18 0.64482 0.149317 0.205863
1.6022e+18 0.64479 0.149252 0.205959
1.5993e+18 0.644777 0.149203 0.20602
1.5964e+18 0.644772 0.149164 0.206064
1.5935e+18 0.644772 0.149133 0.206095
1.5906e+18 0.644775 0.149107 0.206118
1.5877e+18 0.644779 0.149086 0.206134
1.5848e+18 0.644786 0.149069 0.206145
1.5819e+18 0.644794 0.149056 0.20615
1.579e+18 0.644802 0.149046 0.206151
1.5761e+18 0.644812 0.149039 0.206148
1.5732e+18 0.644823 0.149035 0.206142
1.5703e+18 0.644835 0.149032 0.206132
1.5674e+18 0.644848 0.149033 0.206119
1.5645e+18 0.644862 0.149035 0.206103
1.5616e+18 0.644876 0.149039 0.206085
1.5587e+18 0.644891 0.149045 0.206063
1.5558e+18 0.64488 0.149036 0.206084
1.5529e+18 0.644841 0.149009 0.20615
1.55e+18 0.644816 0.148993 0.206191
1.5471e+18 0.644799 0.148982 0.206219
1.5442e+18 0.644786 0.148976 0.206238
1.5413e+18 0.644777 0.148972 0.20625
1.5384e+18 0.644771 0.148972 0.206257
1.5355e+18 0.644768 0.148974 0.206258
1.5326e+18 0.644766 0.148978 0.206255
1.5297e+18 0.644766 0.148985 0.206249
1.5268e+18 0.644768 0.148993 0.206239
1.5239e+18 0.644771 0.149003 0.206226
1.521e+18 0.644776 0.149014 0.20621
1.5181e+18 0.644782 0.149028 0.20619
1.5152e+18 0.644758 0.14902 0.206223
1.5123e+18 0.64473 0.149009 0.20626
1.5094e+18 0.644711 0.149006 0.206283
1.5065e+18 0.644697 0.149007 0.206296
1.5036e+18 0.644686 0.149011 0.206302
1.5007e+18 0.644678 0.149018 0.206304
1.4978e+18 0.644673 0.149027 0.2063
1.4949e+18 0.644669 0.149038 0.206293
1.492e+18 0.644667 0.14905 0.206283
1.4891e+18 0.644667 0.149065 0.206269
1.4862e+18 0.644668 0.14908 0.206252
1.4833e+18 0.64467 0.149098 0.206232
1.4804e+18 0.644674 0.149117 0.20621
1.4775e+18 0.644679 0.149137 0.206184
1.4746e+18 0.644685 0.149158 0.206157
1.4717e+18 0.644692 0.149181 0.206127
1.4688e+18 0.6447 0.149205 0.206094
1.4659e+18 0.64471 0.14923 0.20606
1.463e+18 0.64472 0.149257 0.206023
1.4601e+18 0.644732 0.149284 0.205984
1.4572e+18 0.644744 0.149313 0.205943
1.4543e+18 0.644757 0.149343 0.2059
1.4514e+18 0.644747 0.149333 0.20592
1.4485e+18 0.644684 0.149239 0.206078
1.4456e+18 0.644644 0.149182 0.206174
1.4427e+18 0.644615 0.149143 0.206242
1.4398e+18 0.644593 0.149114 0.206293
1.4369e+18 0.644576 0.149093 0.206331
1.434e+18 0.644562 0.149078 0.20636
1.4311e+18 0.644552 0.149068 0.20638
1.4282e+18 0.644544 0.149062 0.206394
1.4253e+18 0.644538 0.149059 0.206402
1.4224e+18 0.644535 0.14906 0.206405
1.4195e+18 0.644533 0.149063 0.206404
1.4166e+18 0.644533 0.149069 0.206398
1.4137e+18 0.644535 0.149078 0.206388
1.4108e+18 0.644538 0.149088 0.206374
1.4079e+18 0.644542 0.149101 0.206357
1.405e+18 0.644548 0.149116 0.206336
1.4021e+18 0.644556 0.149132 0.206312
1.3992e+18 0.644564 0.14915 0.206286
1.3963e+18 0.644574 0.14917 0.206256
1.3934e+18 0.644585 0.149192 0.206224
1.3905e+18 0.644596 0.149215 0.206189
1.3876e+18 0.64461 0.149239 0.206151
1.3847e+18 0.644624 0.149266 0.206111
1.3818e+18 0.644639 0.149293 0.206068
1.3789e+18 0.644655 0.149322 0.206023
1.376e+18 0.644616 0.149261 0.206123
1.3731e+18 0.64458 0.149205 0.206215
1.3702e+18 0.644557 0.149169 0.206274
1.3673e+18 0.644541 0.149146 0.206313
1.3644e+18 0.64453 0.14913 0.20634
1.3615e+18 0.644522 0.14912 0.206358
1.3586e+18 0.644518 0.149115 0.206367
1.3557e+18 0.644516 0.149113 0.206371
1.3528e+18 0.644516 0.149115 0.206368
1.3499e+18 0.644519 0.149121 0.206361
1.347e+18 0.644523 0.149129 0.206349
1.3441e+18 0.644529 0.149139 0.206332
1.3412e+18 0.644536 0.149152 0.206312
1.3383e+18 0.644545 0.149167 0.206288
1.3354e+18 0.644555 0.149184 0.206261
1.3325e+18 0.644567 0.149203 0.20623
1.3296e+18 0.644579 0.149224 0.206197
1.3267e+18 0.644594 0.149247 0.20616
1.3238e+18 0.644609 0.149271 0.20612
1.3209e+18 0.644625 0.149297 0.206078
1.318e+18 0.644643 0.149325 0.206032
1.3151e+18 0.644662 0.149354 0.205984
1.3122e+18 0.644681 0.149385 0.205934
1.3093e+18 0.644702 0.149417 0.205881
1.3064e+18 0.644724 0.14945 0.205825
1.3035e+18 0.644747 0.149485 0.205767
1.3006e+18 0.644771 0.149522 0.205707
1.2977e+18 0.644796 0.14956 0.205645
1.2948e+18 0.644822 0.149599 0.20558
1.2919e+18 0.644849 0.149639 0.205512
1.289e+18 0.644805 0.149631 0.205564
1.2861e+18 0.644778 0.149635 0.205587
1.2832e+18 0.644763 0.149648 0.205588
1.2803e+18 0.644757 0.149668 0.205576
1.2774e+18 0.644755 0.149691 0.205554
1.2745e+18 0.644757 0.149718 0.205525
1.2716e+18 0.644763 0.149747 0.20549
1.2687e+18 0.644771 0.149779 0.20545
1.2658e+18 0.644782 0.149814 0.205405
1.2629e+18 0.644795 0.14985 0.205355
1.26e+18 0.64481 0.149888 0.205302
1.2571e+18 0.644826 0.149928 0.205246
1.2542e+18 0.644845 0.14997 0.205185
1.2513e+18 0.644807 0.14997 0.205224
1.2484e+18 0.644788 0.149984 0.205228
1.2455e+18 0.64467 0.149858 0.205472
1.2426e+18 0.644601 0.149794 0.205606
1.2397e+18 0.64455 0.149753 0.205697
1.2368e+18 0.644511 0.149726 0.205763
1.2339e+18 0.64448 0.149709 0.205812
1.231e+18 0.644454 0.149698 0.205847
1.2281e+18 0.644434 0.149694 0.205872
1.2252e+18 0.644419 0.149693 0.20589
1.2223e+18 0.64435 0.149654 0.205997
1.2194e+18 0.644307 0.149634 0.206059
1.2165e+18 0.644273 0.149624 0.206103
1.2136e+18 0.644245 0.14962 0.206135
1.2107e+18 0.644222 0.14962 0.206157
1.2078e+18 0.644203 0.149625 0.206172
1.2049e+18 0.644188 0.149633 0.206179
1.202e+18 0.644176 0.149645 0.20618
1.1991e+18 0.644317 0.149654 0.206029
1.1962e+18 0.644342 0.149639 0.20602
1.1933e+18 0.644345 0.149524 0.206131
1.1904e+18 0.644338 0.149431 0.206231
1.1875e+18 0.644335 0.149367 0.206298
1.1846e+18 0.644334 0.14932 0.206347
1.1817e+18 0.644334 0.149282 0.206383
1.1788e+18 0.644336 0.149253 0.206411
1.1759e+18 0.64434 0.14923 0.20643
1.173e+18 0.644345 0.149213 0.206442
1.1701e+18 0.644352 0.1492 0.206448
1.1672e+18 0.64436 0.149191 0.206449
1.1643e+18 0.644369 0.149187 0.206445
1.1614e+18 0.644379 0.149185 0.206435
1.1585e+18 0.644391 0.149188 0.206421
1.1556e+18 0.644404 0.149193 0.206403
1.1527e+18 0.644418 0.149201 0.206381
1.1498e+18 0.644434 0.149211 0.206355
1.1469e+18 0.644451 0.149225 0.206325
1.144e+18 0.644469 0.14924 0.206291
1.1411e+18 0.644488 0.149259 0.206253
1.1382e+18 0.644508 0.149279 0.206212
1.1353e+18 0.64453 0.149302 0.206168
1.1324e+18 0.644553 0.149327 0.206121
1.1295e+18 0.644577 0.149354 0.20607
1.1266e+18 0.644602 0.149383 0.206016
1.1237e+18 0.644628 0.149414 0.205958
1.1208e+18 0.644655 0.149447 0.205898
1.1179e+18 0.644684 0.149481 0.205835
1.115e+18 0.644713 0.149518 0.205769
1.1121e+18 0.644744 0.149556 0.205699
1.1092e+18 0.644776 0.149597 0.205627
1.1063e+18 0.644809 0.149639 0.205552
1.1034e+18 0.644843 0.149683 0.205475
1.1005e+18 0.644879 0.149728 0.205396
1.0976e+18 0.644829 0.149635 0.205536
1.0947e+18 0.644817 0.149602 0.205582
1.0918e+18 0.644815 0.149588 0.205597
1.0889e+18 0.64482 0.149585 0.205595
1.086e+18 0.64483 0.149589 0.205581
1.0831e+18 0.644844 0.1496 0.205557
1.0802e+18 0.64486 0.149616 0.205524
1.0773e+18 0.644879 0.149635 0.205485
1.0744e+18 0.6449 0.149659 0.20544
1.0715e+18 0.644924 0.149686 0.20539
1.0686e+18 0.644949 0.149716 0.205334
1.0657e+18 0.644977 0.149749 0.205274
1.0628e+18 0.645006 0.149785 0.20521
1.0599e+18 0.645037 0.149823 0.205141
1.057e+18 0.645069 0.149863 0.205068
1.0541e+18 0.645031 0.149789 0.20518
1.0512e+18 0.645022 0.149761 0.205217
1.0483e+18 0.645 0.149734 0.205266
1.0454e+18 0.64493 0.14968 0.20539
1.0425e+18 0.644894 0.149653 0.205453
1.0396e+18 0.644871 0.149639 0.20549
1.0367e+18 0.644857 0.149635 0.205508
1.0338e+18 0.644849 0.149637 0.205514
1.0309e+18 0.644847 0.149645 0.205508
1.028e+18 0.644849 0.149658 0.205494
1.0251e+18 0.644823 0.149651 0.205526
1.0222e+18 0.644781 0.149635 0.205585
1.0193e+18 0.644756 0.149633 0.205611
1.0164e+18 0.644741 0.149639 0.20562
1.0135e+18 0.644732 0.149651 0.205617
1.0106e+18 0.644728 0.149667 0.205604
1.0077e+18 0.644729 0.149688 0.205583
1.0048e+18 0.644721 0.149704 0.205575
1.0019e+18 0.644681 0.149696 0.205624
9.99e+17 0.64466 0.149703 0.205637
9.961e+17 0.644648 0.149718 0.205634
9.932e+17 0.644641 0.149739 0.20562
9.903e+17 0.644639 0.149763 0.205598
9.874e+17 0.644641 0.149792 0.205568
9.845e+17 0.64461 0.149794 0.205596
9.816e+17 0.64459 0.149807 0.205603
9.787e+17 0.644473 0.149678 0.205848
9.758e+17 0.644409 0.14962 0.205971
9.729e+17 0.644362 0.149585 0.206052
9.7e+17 0.644326 0.149564 0.20611
9.671e+17 0.644298 0.149553 0.206149
9.642e+17 0.644276 0.149549 0.206175
9.613e+17 0.644259 0.149551 0.20619
9.584e+17 0.644247 0.149559 0.206194
9.555e+17 0.644238 0.149572 0.20619
9.526e+17 0.644234 0.149589 0.206177
9.497e+17 0.644232 0.14961 0.206157
9.468e+17 0.644188 0.149568 0.206244
9.439e+17 0.644129 0.149503 0.206368
9.41e+17 0.644092 0.14947 0.206438
9.381e+17 0.644065 0.149452 0.206483
9.352e+17 0.644046 0.149444 0.206511
9.323e+17 0.644032 0.149443 0.206525
9.294e+17 0.644023 0.149448 0.206529
9.265e+17 0.644018 0.149459 0.206523
9.236e+17 0.644017 0.149475 0.206508
9.207e+17 0.644019 0.149495 0.206486
9.178e+17 0.644024 0.149519 0.206457
9.149e+17 0.644032 0.149547 0.206421
9.12e+17 0.644043 0.149578 0.206378
9.091e+17 0.644057 0.149613 0.206329
9.062e+17 0.644074 0.149651 0.206275
9.033e+17 0.644092 0.149693 0.206215
9.004e+17 0.644114 0.149737 0.206149
8.975e+17 0.644137 0.149784 0.206079
8.946e+17 0.644163 0.149834 0.206003
8.917e+17 0.644192 0.149887 0.205922
8.888e+17 0.644222 0.149942 0.205836
8.859e+17 0.644255 0.15 0.205745
8.83e+17 0.644203 0.149954 0.205843
8.801e+17 0.644112 0.14988 0.206008
8.772e+17 0.644068 0.149854 0.206079
8.743e+17 0.644041 0.149847 0.206111
8.714e+17 0.644026 0.149853 0.20612
8.685e+17 0.644019 0.149869 0.206113
8.656e+17 0.643965 0.149848 0.206187
8.627e+17 0.643933 0.149848 0.206218
8.598e+17 0.643915 0.14986 0.206225
8.569e+17 0.643896 0.149868 0.206236
8.54e+17 0.643804 0.149774 0.206422
8.511e+17 0.643704 0.149693 0.206604
8.482e+17 0.64364 0.14965 0.20671
8.453e+17 0.643593 0.149625 0.206782
8.424e+17 0.643556 0.149612 0.206831
8.395e+17 0.643496 0.14958 0.206924
8.366e+17 0.643446 0.149559 0.206994
8.337e+17 0.643409 0.149552 0.207039
8.308e+17 0.643381 0.149552 0.207067
8.279e+17 0.643359 0.149561 0.207081
8.25e+17 0.643342 0.149575 0.207083
8.221e+17 0.643331 0.149595 0.207075
8.192e+17 0.643324 0.149619 0.207057
8.163e+17 0.643321 0.149649 0.207029
8.134e+17 0.643323 0.149683 0.206994
8.105e+17 0.643328 0.149721 0.20695
8.076e+17 0.643337 0.149764 0.206899
8.047e+17 0.64327 0.149703 0.207027
8.018e+17 0.643225 0.149672 0.207102
7.989e+17 0.643199 0.149666 0.207134
7.96e+17 0.643184 0.149673 0.207142
7.931e+17 0.643177 0.14969 0.207133
7.902e+17 0.643175 0.149715 0.20711
7.873e+17 0.643179 0.149745 0.207076
7.844e+17 0.643187 0.149782 0.207031
7.815e+17 0.643139 0.149741 0.207119
7.786e+17 0.643099 0.14971 0.20719
7.757e+17 0.643079 0.149705 0.207216
7.728e+17 0.643068 0.149714 0.207218
7.699e+17 0.643066 0.149732 0.207202
7.67e+17 0.643069 0.149758 0.207173
7.641e+17 0.643047 0.149766 0.207187
7.612e+17 0.643011 0.149765 0.207224
7.583e+17 0.642996 0.149783 0.207221
7.554e+17 0.642992 0.149811 0.207197
7.525e+17 0.642982 0.149836 0.207182
7.496e+17 0.642945 0.149839 0.207215
7.467e+17 0.642944 0.149863 0.207193
7.438e+17 0.64308 0.149896 0.207025
7.409e+17 0.643155 0.149936 0.206909
7.38e+17 0.643092 0.149821 0.207087
7.351e+17 0.643077 0.149774 0.207149
7.322e+17 0.643077 0.149757 0.207166
7.293e+17 0.643047 0.149728 0.207225
7.264e+17 0.643032 0.149716 0.207253
7.235e+17 0.643029 0.149719 0.207252
7.206e+17 0.642997 0.149673 0.20733
7.177e+17 0.64295 0.149604 0.207446
7.148e+17 0.642928 0.149573 0.207499
7.119e+17 0.642918 0.149561 0.207521
7.09e+17 0.642915 0.149561 0.207523
7.061e+17 0.64292 0.149572 0.207508
7.032e+17 0.64293 0.149591 0.207479
7.003e+17 0.642945 0.149617 0.207438
6.974e+17 0.642965 0.14965 0.207384
6.945e+17 0.64299 0.14969 0.20732
6.916e+17 0.643019 0.149735 0.207246
6.887e+17 0.643052 0.149786 0.207163
6.858e+17 0.643088 0.149842 0.20707
6.829e+17 0.643058 0.1498 0.207142
6.8e+17 0.643051 0.149793 0.207155
6.771e+17 0.643061 0.14981 0.207128
6.742e+17 0.643081 0.149841 0.207078
6.713e+17 0.64309 0.149868 0.207041
6.684e+17 0.643067 0.149875 0.207057
6.655e+17 0.642994 0.149795 0.207211
6.626e+17 0.642954 0.149763 0.207283
6.597e+17 0.642893 0.149725 0.207381
6.568e+17 0.642866 0.149719 0.207415
6.539e+17 0.642838 0.149716 0.207447
6.51e+17 0.642797 0.149705 0.207498
6.481e+17 0.642779 0.149717 0.207505
6.452e+17 0.642748 0.149719 0.207533
6.423e+17 0.642797 0.149728 0.207475
6.394e+17 0.642881 0.149752 0.207366
6.365e+17 0.642909 0.149724 0.207367
6.336e+17 0.642911 0.149674 0.207416
6.307e+17 0.642928 0.149664 0.207407
6.278e+17 0.642954 0.149674 0.207373
6.249e+17 0.642985 0.149696 0.207319
6.22e+17 0.64298 0.149662 0.207358
6.191e+17 0.642971 0.149625 0.207403
6.162e+17 0.642982 0.149622 0.207396
6.133e+17 0.643003 0.149636 0.207361
6.104e+17 0.643031 0.149662 0.207306
6.075e+17 0.643066 0.149699 0.207235
6.046e+17 0.643106 0.149744 0.207149
6.017e+17 0.643152 0.149798 0.20705
5.988e+17 0.643203 0.149859 0.206938
5.959e+17 0.643197 0.149884 0.206919
5.93e+17 0.643144 0.149818 0.207037
5.901e+17 0.643104 0.14979 0.207106
5.872e+17 0.643082 0.149786 0.207132
5.843e+17 0.643073 0.149798 0.207128
5.814e+17 0.642982 0.14971 0.207309
5.785e+17 0.642932 0.149667 0.207401
5.756e+17 0.642864 0.149619 0.207517
5.727e+17 0.642833 0.149609 0.207557
5.698e+17 0.642819 0.149618 0.207562
5.669e+17 0.642817 0.149642 0.207541
5.64e+17 0.642825 0.149677 0.207498
5.611e+17 0.642842 0.149722 0.207436
5.582e+17 0.642819 0.149709 0.207473
5.553e+17 0.642794 0.149693 0.207513
5.524e+17 0.642795 0.149711 0.207494
5.495e+17 0.642809 0.149747 0.207444
5.466e+17 0.642782 0.149725 0.207493
5.437e+17 0.642766 0.149716 0.207518
5.408e+17 0.642772 0.149737 0.207492
5.379e+17 0.642731 0.149727 0.207542
5.35e+17 0.64273 0.149756 0.207514
5.321e+17 0.642695 0.149761 0.207544
5.292e+17 0.642695 0.149797 0.207508
5.263e+17 0.642641 0.149779 0.20758
5.234e+17 0.642553 0.149711 0.207736
5.205e+17 0.642497 0.149687 0.207816
5.176e+17 0.642472 0.149696 0.207833
5.147e+17 0.642391 0.149626 0.207983
5.118e+17 0.642352 0.149609 0.208039
5.089e+17 0.642334 0.14962 0.208046
5.06e+17 0.642332 0.14965 0.208018
5.031e+17 0.642342 0.149694 0.207964
5.002e+17 0.642363 0.14975 0.207887
4.973e+17 0.642369 0.149786 0.207845
4.944e+17 0.64234 0.149774 0.207886
4.915e+17 0.64231 0.149779 0.207911
4.886e+17 0.642292 0.149796 0.207912
4.857e+17 0.642182 0.149708 0.20811
4.828e+17 0.642239 0.149681 0.20808
4.799e+17 0.642263 0.149676 0.208061
4.77e+17 0.642259 0.149672 0.208069
4.741e+17 0.642276 0.149697 0.208027
4.712e+17 0.642266 0.149679 0.208054
4.683e+17 0.642256 0.149662 0.208082
4.654e+17 0.642272 0.149685 0.208043
4.625e+17 0.642248 0.14965 0.208102
4.596e+17 0.642247 0.14965 0.208103
4.567e+17 0.642268 0.149681 0.208051
4.538e+17 0.642303 0.149732 0.207965
4.509e+17 0.64231 0.149769 0.207922
4.48e+17 0.642286 0.149765 0.207949
4.451e+17 0.642234 0.149732 0.208034
4.422e+17 0.642193 0.149724 0.208083
4.393e+17 0.642091 0.149633 0.208276
4.364e+17 0.642171 0.149609 0.20822
4.335e+17 0.642283 0.149622 0.208095
4.306e+17 0.642398 0.149659 0.207942
4.277e+17 0.642494 0.149684 0.207822
4.248e+17 0.642568 0.14967 0.207762
4.219e+17 0.642651 0.149709 0.20764
4.19e+17 0.6427 0.149673 0.207627
4.161e+17 0.642722 0.149673 0.207605
4.132e+17 0.642736 0.149687 0.207577
4.103e+17 0.642747 0.149714 0.207539
4.074e+17 0.642709 0.149666 0.207624
4.045e+17 0.642676 0.149642 0.207681
4.016e+17 0.64265 0.149594 0.207756
3.987e+17 0.642653 0.14959 0.207757
3.958e+17 0.642682 0.149623 0.207695
3.929e+17 0.642728 0.149682 0.20759
3.9e+17 0.642747 0.149688 0.207565
3.871e+17 0.642753 0.149703 0.207543
3.842e+17 0.642701 0.14965 0.207649
3.813e+17 0.642658 0.149628 0.207714
3.784e+17 0.642622 0.149629 0.207749
3.755e+17 0.642615 0.149663 0.207722
3.726e+17 0.642571 0.149621 0.207808
3.697e+17 0.642555 0.149613 0.207832
3.668e+17 0.642549 0.149615 0.207837
3.639e+17 0.642575 0.149664 0.207761
3.61e+17 0.642583 0.149713 0.207704
3.581e+17 0.642518 0.149669 0.207813
3.552e+17 0.64253 0.149625 0.207845
3.523e+17 0.642515 0.149579 0.207905
3.494e+17 0.642545 0.149605 0.20785
3.465e+17 0.642574 0.149631 0.207795
3.436e+17 0.642596 0.149645 0.207759
3.407e+17 0.642604 0.149636 0.20776
3.378e+17 0.642589 0.14964 0.207771
3.349e+17 0.64257 0.14966 0.20777
3.32e+17 0.642498 0.149608 0.207894
3.291e+17 0.642549 0.149572 0.207879
3.262e+17 0.642598 0.149582 0.207819
3.233e+17 0.642666 0.149643 0.207692
3.204e+17 0.642701 0.149654 0.207645
3.175e+17 0.642659 0.149611 0.20773
3.146e+17 0.642629 0.149598 0.207773
3.117e+17 0.642613 0.149619 0.207769
3.088e+17 0.642586 0.149598 0.207816
3.059e+17 0.642569 0.149582 0.207849
3.03e+17 0.642603 0.149637 0.207761
3.001e+17 0.642561 0.149626 0.207812
2.972e+17 0.642484 0.149578 0.207938
2.943e+17 0.642436 0.149566 0.207997
2.914e+17 0.642436 0.149606 0.207957
2.885e+17 0.642431 0.149628 0.207941
2.856e+17 0.642387 0.149609 0.208004
2.827e+17 0.642346 0.149628 0.208027
2.798e+17 0.642373 0.149588 0.208038
2.769e+17 0.64237 0.149565 0.208065
2.74e+17 0.642419 0.149628 0.207953
2.711e+17 0.642385 0.149603 0.208012
2.682e+17 0.642321 0.149569 0.208109
2.653e+17 0.642359 0.149569 0.208072
2.624e+17 0.642396 0.149562 0.208043
2.595e+17 0.642444 0.149609 0.207948
2.566e+17 0.64241 0.14959 0.208
2.537e+17 0.642351 0.149546 0.208103
2.508e+17 0.642356 0.149574 0.20807
2.479e+17 0.642342 0.149575 0.208082
2.45e+17 0.642311 0.149593 0.208096
2.421e+17 0.64223 0.149544 0.208226
2.392e+17 0.642225 0.149579 0.208196
2.363e+17 0.642199 0.149596 0.208205
2.334e+17 0.642162 0.149553 0.208285
2.305e+17 0.642188 0.149566 0.208246
2.276e+17 0.642198 0.149579 0.208222
2.247e+17 0.642152 0.149569 0.20828
2.218e+17 0.642172 0.149552 0.208276
2.189e+17 0.642216 0.149565 0.20822
2.16e+17 0.642198 0.149571 0.208231
2.131e+17 0.642196 0.149526 0.208278
2.102e+17 0.642279 0.149566 0.208155
2.073e+17 0.64224 0.149531 0.208229
2.044e+17 0.642236 0.149534 0.20823
2.015e+17 0.642244 0.149565 0.20819
1.986e+17 0.642227 0.149517 0.208255
1.957e+17 0.642278 0.149545 0.208176
1.928e+17 0.642242 0.14953 0.208228
1.899e+17 0.642296 0.149529 0.208175
1.87e+17 0.642304 0.149519 0.208177
1.841e+17 0.642294 0.149528 0.208178
1.812e+17 0.642284 0.149534 0.208181
1.783e+17 0.642235 0.149525 0.20824
1.754e+17 0.642202 0.149526 0.208271
1.725e+17 0.642202 0.149506 0.208292
1.696e+17 0.642192 0.149508 0.2083
1.667e+17 0.642219 0.149506 0.208275
1.638e+17 0.642204 0.149493 0.208302
1.609e+17 0.642203 0.149511 0.208287
1.58e+17 0.64214 0.149492 0.208367
1.551e+17 0.642096 0.149498 0.208405
1.522e+17 0.642129 0.149511 0.20836
1.493e+17 0.642108 0.149501 0.208391
1.464e+17 0.642112 0.149493 0.208395
1.435e+17 0.642095 0.149503 0.208403
1.406e+17 0.642107 0.149498 0.208395
1.377e+17 0.642129 0.149494 0.208377
1.348e+17 0.64212 0.149476 0.208404
1.319e+17 0.642167 0.149486 0.208347
1.29e+17 0.642136 0.149469 0.208394
1.261e+17 0.642097 0.149476 0.208427
1.232e+17 0.642108 0.149474 0.208417
1.203e+17 0.642125 0.149465 0.20841
1.174e+17 0.642091 0.149465 0.208444
1.145e+17 0.642077 0.149469 0.208454
1.116e+17 0.642083 0.149468 0.208448
1.087e+17 0.642044 0.149461 0.208496
1.058e+17 0.642042 0.149468 0.20849
1.029e+17 0.642091 0.149456 0.208453
